61 57 42.5 6.3
66 65 87.2 20.5
65 66 87.2 16.0
73 74 111.3 10.0
74 73 111.3 10.0
75 76 51.1 7.4
76 75 51.1 7.4
77 78 243.1 35.0
78 77 243.1 35.0
82 83 75.7 10.9
83 82 75.7 10.9
84 85 807.7 123.1
85 84 807.7 122.5
68 69 197.5 17.8
69 68 197.5 17.8
69 86 205.2 18.5
86 69 205.2 18.5
67 66 303.5 37.6
66 67 303.5 31.1
66 65 87.2 20.5
65 66 87.2 16.0
87 88 634.7 59.1
88 87 634.7 62.3
91 92 633.2 60.1
92 91 633.2 63.4
94 95 52.4 4.6
95 94 52.4 4.6
99 94 686.4 84.9
94 99 686.4 81.6
101 102 339.6 44.7
102 101 339.6 39.6
73 103 216.4 23.2
103 73 216.4 21.0
103 104 49.8 12.0
104 103 49.8 9.5
105 106 1312.8 189.2
106 105 1312.8 189.1
92 107 1625.9 239.7
107 92 1625.9 236.4
80 108 979.7 141.0
108 80 979.7 141.0
88 91 1892.6 173.0
91 88 1892.6 176.3
113 88 87.2 12.6
88 113 87.2 12.6
56 57 46.7 7.8
57 56 46.7 10.4
122 123 298.0 43.0
123 122 298.0 43.0
124 91 1797.9 261.7
91 124 1797.9 258.9
89 124 219.7 31.5
124 89 219.7 31.5
124 89 219.7 31.5
89 124 219.7 31.5
126 127 24.3 3.4
127 126 24.3 3.4
128 73 495.6 44.5
73 128 495.6 44.5
102 72 589.8 61.1
72 102 589.8 61.1
61 131 86.7 12.3
131 61 86.7 12.3
61 132 28.1 3.9
132 61 28.1 3.9
133 134 175.0 25.2
134 133 175.0 25.2
138 139 157.0 22.6
139 138 157.0 22.6
140 141 449.0 64.7
141 140 449.0 64.7
86 146 210.6 35.7
146 86 210.6 32.8
149 117 172.5 24.8
117 149 172.5 24.8
130 150 82.7 12.1
150 130 82.7 12.0
151 116 1470.2 211.7
116 151 1470.2 211.7
153 52 184.8 27.1
52 153 184.8 28.9
118 60 264.9 24.0
60 118 264.9 24.0
157 158 690.1 99.2
158 157 690.1 99.2
159 160 522.9 79.5
160 159 522.9 76.7
161 162 686.1 98.7
162 161 686.1 98.7
164 165 213.6 30.8
165 164 213.6 30.8
166 167 39.9 8.8
167 166 39.9 6.5
168 169 133.9 5.3
169 168 45122.1 1901.7
171 172 149.8 21.6
172 171 149.8 21.6
171 173 181.9 27.1
173 171 181.9 29.5
173 172 287.9 41.4
172 173 287.9 41.6
173 174 625.3 90.0
174 173 625.3 90.0
175 176 143.6 20.5
176 175 143.6 20.5
180 181 128.3 21.7
181 180 128.3 24.7
182 183 2186.5 318.3
183 182 2186.5 320.8
182 162 1281.3 121.9
162 182 1281.3 118.6
199 200 612.6 61.0
200 199 612.6 57.7
203 204 122.6 17.6
204 203 122.6 17.5
164 165 213.6 30.8
165 164 213.6 30.8
187 189 1986.1 291.5
189 187 1986.1 292.5
188 187 30.2 4.6
187 188 30.2 5.8
212 206 30.6 4.4
206 212 30.6 4.4
155 214 44640.3 1882.4
214 155 615.6 24.6
215 216 974.5 140.2
216 215 974.5 140.2
205 217 664.8 95.5
217 205 664.8 95.5
214 154 43877.8 1852.0
154 214 1378.1 55.0
220 221 126.0 22.0
221 220 126.0 19.2
229 230 153.6 22.0
230 229 153.6 22.0
243 244 471.1 67.8
244 243 471.1 67.8
234 245 434.8 62.4
245 234 434.8 62.4
240 246 1.6 0.2
246 240 1.6 0.2
250 251 175.1 25.2
251 250 175.1 22.9
256 220 1083.2 159.8
220 256 1083.2 156.5
257 258 77.4 11.1
258 257 77.4 11.1
259 260 894.2 70.6
260 259 894.2 65.6
264 263 420.3 61.9
263 264 420.3 61.0
262 265 2770.0 399.1
265 262 2770.0 399.1
266 267 365.2 131.5
267 266 365.2 131.5
273 274 292.7 19.2
274 273 292.7 19.2
242 252 129.9 20.1
252 242 129.9 19.8
188 211 1054.3 151.8
211 188 1054.3 151.8
278 279 44553.7 1878.8
279 278 702.3 28.2
269 243 1447.1 213.0
243 269 1447.1 215.3
246 273 150.7 27.0
273 246 150.7 21.6
285 257 290.6 47.0
257 285 290.6 43.7
221 289 324.3 46.8
289 221 324.3 46.8
290 291 0.0 0.0
291 290 0.0 0.0
292 293 94.7 13.7
293 292 94.7 13.7
294 295 324.2 46.6
295 294 324.2 46.6
297 298 443.2 63.9
298 297 443.2 63.9
299 300 175.1 66.5
300 299 175.1 69.5
298 301 329.1 47.3
301 298 329.1 47.3
304 305 212.3 31.5
305 304 212.3 34.2
308 309 361.8 52.1
309 308 361.8 52.1
310 311 959.5 86.3
311 310 959.5 86.3
312 313 88.6 12.7
313 312 88.6 15.2
314 315 235.4 34.0
315 314 235.4 34.0
304 321 118.8 10.8
321 304 118.8 10.8
306 322 36.3 3.2
322 306 36.3 3.2
323 306 157.1 14.1
306 323 157.1 14.1
324 308 580.6 61.4
308 324 580.6 57.7
317 325 28.5 2.6
325 317 28.5 2.6
324 326 266.2 24.0
326 324 266.2 24.0
321 17 1172.1 105.7
17 321 1172.1 105.7
332 310 312.0 28.1
310 332 312.0 28.1
309 335 1899.9 220.8
335 309 1899.9 231.1
325 336 256.1 42.6
336 325 256.1 39.6
330 323 450.0 48.2
323 330 450.0 45.5
326 340 200.0 28.7
340 326 200.0 28.4
308 341 257.6 37.0
341 308 257.6 37.0
328 344 335.7 48.3
344 328 335.7 48.3
328 345 129.0 18.6
345 328 129.0 18.6
301 346 66.9 9.6
346 301 66.9 9.6
311 347 170.1 15.4
347 311 170.1 15.4
311 348 29.5 10.2
348 311 29.5 7.0
295 349 253.7 36.6
349 295 253.7 36.6
354 355 21.7 3.0
355 354 21.7 3.0
357 358 134.0 19.4
358 357 134.0 19.4
365 366 852.2 129.3
366 365 852.2 126.3
370 371 897.8 144.2
371 370 897.8 134.7
372 373 52.5 9.5
373 372 52.5 12.8
375 376 696.4 84.2
376 375 696.4 87.5
379 380 701.6 105.1
380 379 701.6 102.2
386 387 843.6 123.6
387 386 843.6 128.1
369 368 306.1 43.3
368 369 306.1 38.8
383 389 939.5 135.9
389 383 939.5 137.6
367 390 45.0 6.4
390 367 45.0 6.4
391 393 165.8 18.5
393 391 165.8 21.7
394 365 2179.0 320.6
365 394 2179.0 318.7
365 395 2768.9 398.3
395 365 2768.9 398.3
396 363 195.0 28.2
363 396 195.0 28.2
396 397 796.2 119.1
397 396 796.2 121.4
398 399 834.7 127.1
399 398 834.7 126.8
385 384 849.0 122.3
384 385 849.0 122.3
385 401 373.4 35.5
401 385 373.4 35.2
374 386 358.4 56.9
386 374 358.4 53.6
372 406 249.0 22.4
406 372 249.0 22.4
405 407 967.7 94.1
407 405 967.7 90.8
379 409 1112.5 165.4
409 379 1112.5 162.9
414 415 842.4 75.6
415 414 842.4 75.6
419 420 64.2 9.2
420 419 64.2 9.2
416 422 327.9 29.4
422 416 327.9 29.4
380 423 922.1 132.9
423 380 922.1 132.9
426 427 152.3 28.4
427 426 152.3 28.8
428 429 1515.0 222.7
429 428 1515.0 219.5
399 411 1047.1 151.1
411 399 1047.1 151.1
390 432 97.7 14.1
432 390 97.7 14.1
435 392 1502.1 215.9
392 435 1502.1 215.9
429 436 398.4 57.3
436 429 398.4 57.3
403 430 255.9 40.7
430 403 255.9 43.5
403 440 18.5 2.7
440 403 18.5 2.7
376 441 330.2 47.6
441 376 330.2 47.6
442 414 69.1 10.7
414 442 69.1 13.4
442 443 189.5 52.6
443 442 189.5 52.6
410 445 146.6 20.9
445 410 146.6 20.9
445 446 471.9 68.9
446 445 471.9 68.0
449 450 1619.6 233.3
450 449 1619.6 233.3
395 434 336.6 48.5
434 395 336.6 48.5
453 454 143.9 20.8
454 453 143.9 20.8
448 455 76.7 11.0
455 448 76.7 11.0
447 448 255.7 42.4
448 447 255.7 39.1
459 460 859.7 310.2
460 459 859.7 309.8
461 462 1539.9 235.2
462 461 1539.9 244.4
463 464 16.0 2.3
464 463 16.0 2.3
466 467 993.8 122.1
467 466 993.6 131.3
469 471 589.9 84.9
471 469 589.9 84.9
480 481 1626.0 234.2
481 480 1626.0 234.2
482 483 511.8 89.1
483 482 511.8 95.7
111 486 163.4 26.3
486 111 163.4 24.3
489 490 420.2 40.3
490 489 420.2 43.5
491 492 457.0 65.6
492 491 457.0 65.6
494 495 58.3 8.5
495 494 58.3 8.5
496 210 2764.5 399.2
210 496 2764.5 402.1
496 497 92.0 18.2
497 496 92.0 15.0
510 511 208.1 25.7
511 510 208.1 29.0
512 513 687.8 110.0
513 512 687.8 103.3
517 398 2857.4 425.3
398 517 2857.4 423.9
526 527 1015.3 144.5
527 526 1015.3 145.9
465 481 405.4 26.7
481 465 405.4 28.2
524 465 543.8 30.4
465 524 543.8 33.7
533 523 1795.6 264.1
523 533 1795.6 260.8
490 199 483.7 43.6
199 490 483.7 43.6
492 538 289.2 41.6
538 492 289.2 41.6
538 539 307.8 44.3
539 538 307.8 44.3
516 544 1612.4 232.4
544 516 1612.4 232.4
539 489 85.0 12.2
489 539 85.0 12.2
545 546 354.9 31.9
546 545 354.9 31.9
547 548 206.4 35.4
548 547 206.4 32.1
554 555 660.5 95.0
555 554 660.5 95.0
564 565 891.6 131.5
565 564 891.6 136.0
568 569 563.7 82.0
569 568 563.7 84.2
571 572 6754.0 735.8
572 571 6754.0 728.1
573 574 706.4 101.7
574 573 706.4 101.7
575 576 330.6 47.4
576 575 330.6 47.4
578 579 185.0 16.7
579 578 185.0 16.7
580 581 645.8 93.0
581 580 645.8 93.0
583 584 9408.9 1189.8
584 583 9408.9 1198.4
585 586 393.9 61.9
586 585 393.9 58.6
587 588 30.5 4.3
588 587 30.5 4.3
596 597 29.1 4.2
597 596 29.1 4.2
601 602 4.3 0.6
602 601 4.3 0.6
523 547 1818.7 261.7
547 523 1818.7 261.7
608 609 1499.2 219.4
609 608 1499.2 216.9
610 611 869.9 129.5
611 610 869.9 132.2
551 550 355.6 57.3
550 551 355.6 54.1
615 616 358.0 51.4
616 615 358.0 51.4
617 618 502.6 76.2
618 617 502.6 82.7
558 557 479.3 69.0
557 558 479.3 69.0
557 623 539.0 84.3
623 557 539.0 84.9
623 625 1231.5 176.7
625 623 1231.5 176.7
629 630 312.4 28.8
630 629 312.4 30.5
619 568 124.7 21.8
568 619 124.7 24.6
420 632 188.4 27.2
632 420 188.4 27.2
634 604 222.9 42.2
604 634 222.9 35.6
603 636 0.8 0.1
636 603 0.8 0.1
642 643 1070.9 159.7
643 642 1068.4 158.2
643 595 181.8 31.6
595 643 181.8 28.3
595 171 815.0 122.6
171 595 815.0 119.3
588 645 488.0 70.4
645 588 488.0 70.4
646 175 940.2 135.5
175 646 940.2 135.5
631 647 265.2 23.8
647 631 265.2 23.8
646 177 1305.2 125.3
177 646 1305.2 122.6
650 651 491.7 70.8
651 650 491.7 70.8
652 653 0.0 0.0
653 652 0.0 0.0
612 551 138.9 24.2
551 612 138.9 21.3
654 655 69.3 10.0
655 654 69.3 10.0
649 657 2062.5 299.9
657 649 2062.5 303.1
634 577 819.1 73.8
577 634 819.1 73.8
577 578 292.8 26.1
578 577 292.8 26.1
626 599 411.6 37.1
599 626 411.6 37.1
662 581 76.6 12.4
581 662 76.6 9.2
548 663 1237.2 66.9
663 548 1237.2 64.9
665 666 671.8 96.8
666 665 671.8 96.8
670 671 269.5 38.7
671 670 269.5 38.7
651 598 320.1 55.0
598 651 320.1 55.2
672 673 732.3 105.5
673 672 732.3 105.5
674 675 214.6 42.8
675 674 214.6 42.8
566 567 106.3 15.2
567 566 106.3 15.2
611 678 139.3 20.0
678 611 139.3 20.0
679 629 96.5 8.6
629 679 96.5 8.6
680 605 345.0 86.1
605 680 345.0 86.9
673 598 255.2 52.9
598 673 255.2 51.7
589 587 0.0 0.0
587 589 0.0 0.0
688 689 577.2 83.2
689 688 577.2 83.2
688 654 209.4 40.8
654 688 209.4 34.3
693 694 305.7 50.7
694 693 305.7 47.9
695 696 1015.1 64.3
696 695 1015.1 61.0
698 699 335.3 49.5
699 698 335.3 52.3
702 700 184.7 26.6
700 702 184.7 26.6
721 722 0.0 0.0
722 721 0.0 0.0
223 727 1407.0 99.0
727 223 1407.0 95.7
728 729 332.5 47.7
729 728 332.5 47.7
264 260 707.2 101.9
260 264 707.2 101.9
733 734 138.3 24.8
734 733 138.3 21.6
735 736 817.2 123.7
736 735 817.2 123.8
737 738 710.1 103.1
738 737 710.1 105.5
740 684 635.0 57.1
684 740 635.0 57.1
741 740 31.4 2.8
740 741 31.4 2.8
742 692 24.0 3.4
692 742 24.0 3.4
692 743 146.3 21.0
743 692 146.3 21.0
745 696 181.0 33.8
696 745 181.0 33.5
746 747 164.3 29.2
747 746 164.3 30.8
749 750 104.2 15.5
750 749 104.2 14.8
754 755 23.0 3.4
755 754 23.0 3.4
756 758 45.4 6.5
758 756 45.4 6.5
761 762 1171.3 168.6
762 761 1171.3 168.6
763 764 287.1 41.2
764 763 287.1 41.2
763 765 58.0 14.1
765 763 58.0 10.8
724 769 220.5 34.1
769 724 220.5 37.4
185 186 1174.1 170.5
186 185 1174.1 169.3
737 772 208.4 29.9
772 737 208.4 29.9
773 737 1007.1 145.3
737 773 1007.1 146.1
768 168 7577.2 416.3
168 768 46140.8 2022.9
731 764 490.1 50.2
764 731 490.1 51.6
775 776 70.6 6.3
776 775 70.6 6.3
781 782 153.4 22.1
782 781 153.4 22.1
777 784 168.8 20.2
784 777 168.8 23.0
783 695 783.9 43.3
695 783 783.9 43.3
696 506 91.3 19.7
506 696 91.3 13.5
786 703 191.4 17.3
703 786 191.4 14.0
703 787 624.7 40.9
787 703 624.7 37.6
789 790 45360.9 1895.3
790 789 61693.0 2586.2
796 797 2865.7 115.0
797 796 14224.2 657.9
785 799 120.3 10.7
799 785 120.3 10.7
735 777 1232.1 116.0
777 735 1232.1 120.7
751 802 162.7 23.5
802 751 162.7 23.5
744 745 557.0 80.3
745 744 557.0 80.3
803 804 188.0 16.8
804 803 188.0 16.8
759 805 763.9 110.0
805 759 763.9 110.0
782 810 79.6 11.5
810 782 79.6 11.5
767 813 607.6 87.4
813 767 607.6 87.4
814 815 16566.4 751.8
815 814 523.4 21.1
711 759 286.2 73.1
759 711 286.2 74.0
817 818 0.0 0.0
818 817 0.0 0.0
817 819 0.0 0.0
819 817 0.0 0.0
821 822 8.2 0.5
822 821 8.2 0.5
810 725 177.6 25.6
725 810 177.6 25.6
657 773 93.3 19.1
773 657 93.3 20.5
824 834 24.3 3.5
834 824 24.3 3.5
717 835 27.3 3.9
835 717 27.3 3.9
200 82 260.2 39.2
82 200 260.2 35.5
833 792 160.0 8.7
792 833 160.0 8.7
838 825 362.8 59.4
825 838 362.8 57.3
838 839 134.6 19.3
839 838 134.6 19.3
832 841 383.4 40.4
841 832 383.4 43.7
753 846 25.1 3.6
846 753 25.1 3.7
755 847 562.4 86.2
847 755 562.4 82.9
848 843 54.4 8.0
843 848 54.4 8.7
850 757 429.8 45.7
757 850 429.8 42.6
844 807 1044.8 154.6
807 844 1044.8 151.7
752 850 230.7 25.7
850 752 230.7 22.9
766 811 30.7 4.4
811 766 30.7 4.4
808 854 323.4 48.0
854 808 323.4 51.3
855 201 122.4 22.5
201 855 122.4 24.2
812 860 279.3 53.7
860 812 279.3 48.6
862 863 166.5 24.7
863 862 166.5 26.5
866 867 213.7 38.4
867 866 213.7 33.5
868 748 658.2 102.9
748 868 658.2 104.1
868 869 287.1 43.7
869 868 287.1 47.0
691 872 629.3 91.0
872 691 629.3 92.6
874 816 215.2 19.5
816 874 215.2 19.5
875 876 287.2 41.4
876 875 287.2 41.4
353 877 184.2 14.0
877 353 184.2 14.0
801 879 178.7 25.9
879 801 178.7 25.9
697 786 358.7 51.4
786 697 358.7 51.0
880 881 142.6 21.9
881 880 142.6 24.8
787 882 44.1 2.4
882 787 44.1 2.4
788 749 283.0 23.6
749 788 283.0 22.0
755 847 562.4 86.2
847 755 562.4 82.9
889 890 367.5 59.9
890 889 367.5 57.4
891 892 313.9 45.3
892 891 313.9 45.3
849 894 83.6 12.0
894 849 83.6 12.0
837 687 101.1 9.1
687 837 101.1 9.1
896 897 288.4 41.5
897 896 288.4 41.5
898 899 121.9 17.6
899 898 121.9 17.6
905 906 240.9 41.5
906 905 240.9 34.9
907 909 381.4 58.1
909 907 381.4 61.2
908 109 144.4 7.3
109 908 294.0 43.1
912 913 1590.0 208.5
913 912 1590.0 224.6
913 912 1590.0 224.6
912 913 1590.0 208.5
922 923 183.9 26.5
923 922 183.9 26.5
924 925 291.0 41.9
925 924 291.0 41.9
933 915 31.9 6.8
915 933 31.9 10.1
938 939 403.5 25.4
939 938 1881.4 130.3
925 926 108.8 17.9
926 925 108.8 21.2
945 946 88.3 12.6
946 945 88.3 12.6
947 653 111.7 18.2
653 947 111.7 21.5
947 949 218.2 31.3
949 947 218.2 31.3
946 950 88.9 12.8
950 946 88.9 12.8
946 951 95.0 19.4
951 946 95.0 16.1
950 652 48.6 12.1
652 950 48.6 8.9
949 952 124.3 17.8
952 949 124.3 17.8
954 955 98.2 14.1
955 954 98.2 14.1
961 962 87.2 12.5
962 961 87.2 12.5
963 964 266.8 41.1
964 963 266.8 38.0
965 966 236.2 39.2
966 965 236.2 36.0
971 972 322.8 29.1
972 971 322.8 32.4
978 972 28.2 1.9
972 978 28.2 1.9
981 982 44.5 6.4
982 981 44.5 6.4
985 986 498.2 71.5
986 985 498.2 71.5
986 987 293.7 50.7
987 986 293.7 55.1
988 989 172.2 24.7
989 988 172.2 24.7
993 994 147.3 23.2
994 993 147.3 26.6
994 996 133.3 21.2
996 994 133.3 24.4
993 997 238.3 34.4
997 993 238.3 34.4
997 998 75.9 10.9
998 997 75.9 10.9
1000 999 264.1 44.5
999 1000 264.1 40.9
1002 1003 108.7 5.6
1003 1002 108.7 5.6
988 1005 196.6 32.2
1005 988 196.6 38.7
1007 1008 89.1 12.9
1008 1007 89.1 12.9
967 1009 70.9 13.5
1009 967 70.9 14.5
1008 1010 89.3 12.8
1010 1008 89.3 12.8
1015 1016 142.1 11.2
1016 1015 142.1 11.2
1018 1019 67.3 9.7
1019 1018 67.3 9.7
1021 1022 63.1 8.9
1022 1021 63.1 8.9
1024 688 295.8 42.5
688 1024 295.8 42.5
937 920 55.5 5.1
920 937 55.5 5.1
1027 1020 90.0 7.8
1020 1027 90.0 7.8
689 1028 148.1 27.3
1028 689 148.1 24.0
1030 1031 95.3 22.8
1031 1030 95.3 22.8
1035 1036 379.0 60.4
1036 1035 379.0 57.2
987 822 287.8 41.5
822 987 287.8 44.7
822 1039 395.5 21.7
1039 822 395.5 21.7
1042 1038 120.9 21.5
1038 1042 120.9 28.1
1043 1042 129.1 23.0
1042 1043 129.1 29.6
1043 1037 152.6 22.0
1037 1043 152.6 22.0
1044 1045 170.5 27.9
1045 1044 170.5 24.6
1047 166 110.7 21.9
166 1047 110.7 18.6
1037 1050 110.2 16.0
1050 1037 110.2 16.0
1050 1051 176.5 27.6
1051 1050 176.5 30.9
1051 1052 69.4 15.5
1052 1051 69.4 12.2
181 1053 411.7 60.6
1053 181 411.7 63.2
1053 1054 446.8 65.5
1054 1053 446.8 68.7
1049 1056 2576.5 270.2
1056 1049 2527.2 244.3
1057 1058 1514.1 223.6
1058 1057 1361.4 198.3
1060 1061 80.4 11.6
1061 1060 80.4 11.6
1061 1063 295.4 47.8
1063 1061 295.4 44.5
1046 1066 124.2 22.9
1066 1046 124.2 19.6
1067 1060 320.4 51.4
1060 1067 320.4 48.1
1063 1068 188.7 27.0
1068 1063 188.7 27.0
1068 1069 99.6 14.4
1069 1068 99.6 14.4
1074 1075 148.3 21.5
1075 1074 148.3 21.5
1044 1076 131.4 29.7
1076 1044 131.4 23.1
1079 1080 110.6 21.1
1080 1079 110.6 17.8
1082 1078 24.2 1.5
1078 1082 24.2 1.5
1086 1087 78.1 12.2
1087 1086 263.1 34.9
1087 1089 82.6 10.9
1089 1087 152.1 27.4
1092 1084 30.2 4.3
1084 1092 30.2 4.3
1089 1088 309.6 50.1
1088 1089 309.6 46.8
1088 1093 110.5 15.8
1093 1088 110.5 15.8
1093 1094 83.3 12.1
1094 1093 83.3 12.1
1094 1059 129.9 24.1
1059 1094 129.9 20.8
1095 1096 116.1 20.6
1096 1095 116.1 27.2
1070 1097 183.4 28.7
1097 1070 183.4 32.0
1070 1072 147.3 23.5
1072 1070 147.3 26.8
1097 1098 267.2 40.1
1098 1097 267.2 43.1
296 1099 152.5 29.8
1099 296 152.5 29.8
1103 1102 167.2 23.9
1102 1103 167.2 23.9
1107 1108 111.8 21.6
1108 1107 111.8 18.3
1105 1109 345.5 49.7
1109 1105 345.5 49.7
1100 1106 301.5 50.2
1106 1100 301.5 45.8
1113 1074 235.4 35.4
1074 1113 235.4 38.3
1101 1114 94.1 13.7
1114 1101 94.1 13.7
1119 1120 340.1 49.0
1120 1119 340.1 49.5
1121 1122 111.6 16.1
1122 1121 111.6 16.3
1123 1124 129.4 18.8
1124 1123 129.4 18.8
1125 1117 646.9 78.0
1117 1125 373.3 59.6
1126 1127 307.4 50.3
1127 1126 441.7 61.0
1128 1129 233.4 33.4
1129 1128 233.4 33.4
1133 1134 203.0 39.2
1134 1133 203.0 32.8
1135 1136 76.5 11.1
1136 1135 76.5 11.1
1138 1136 237.6 36.3
1136 1138 237.6 39.6
1140 1141 57.1 2.8
1141 1140 840.3 67.0
1144 1145 17.5 7.1
1145 1144 17.5 4.1
1145 1142 248.2 47.3
1142 1145 248.2 40.7
1141 1147 674.2 56.7
1147 1141 395.4 42.2
1124 617 6.6 1.0
617 1124 6.6 1.0
1146 1149 144.1 25.6
1149 1146 144.1 22.4
502 1151 346.4 19.2
1151 502 346.4 19.2
1158 1159 975.5 140.3
1159 1158 975.5 140.3
1130 1163 299.1 44.9
1163 1130 299.1 48.2
1165 1166 98.3 6.4
1166 1165 98.3 6.4
1167 1177 806.6 59.0
1177 1167 806.6 59.0
1178 1179 44.7 6.4
1179 1178 44.7 6.4
600 1183 77.7 11.2
1183 600 77.7 11.2
1184 1185 200.6 28.8
1185 1184 200.6 28.8
1186 1187 278.4 22.1
1187 1186 354.5 41.8
1187 1188 311.6 22.9
1188 1187 394.8 50.4
1189 1190 43.9 6.2
1190 1189 43.9 6.2
1193 1194 15.1 2.2
1194 1193 15.1 2.2
1177 865 74.4 10.8
865 1177 74.4 10.8
1200 1201 319.5 52.4
1201 1200 319.5 50.0
1198 898 177.6 25.6
898 1198 177.6 25.6
1197 898 255.1 41.5
898 1197 405.9 40.4
1203 1204 63.2 9.1
1204 1203 63.2 9.1
1205 1206 129.7 24.7
1206 1205 129.7 21.5
1207 1208 113.3 7.4
1208 1207 440.8 68.0
1212 1213 50.8 8.7
1213 1212 50.8 11.7
1214 1215 212.5 44.4
1215 1214 123.1 18.9
1048 1214 388.0 27.3
1214 1048 659.8 89.1
1215 1216 231.0 42.3
1216 1215 231.0 46.0
1221 1222 107.0 15.5
1222 1221 107.0 15.5
1223 1224 116.0 16.7
1224 1223 116.0 16.7
1224 1222 128.8 29.3
1222 1224 128.8 22.8
1226 1227 55.3 8.0
1227 1226 55.3 8.0
1227 1228 813.6 117.1
1228 1227 813.6 117.1
1211 1229 33.3 4.9
1229 1211 33.3 4.9
1134 1135 103.2 20.4
1135 1134 103.2 17.1
1234 1236 229.5 37.8
1236 1234 229.5 34.7
1238 1239 44.0 6.4
1239 1238 44.0 6.4
1240 553 66.7 9.6
553 1240 66.7 9.6
1200 543 188.6 32.1
543 1200 188.6 28.9
543 1242 93.6 13.5
1242 543 93.6 13.5
543 1201 167.2 30.6
1201 543 167.2 33.4
1242 1243 169.6 28.9
1243 1242 169.6 31.1
1201 1244 368.7 55.5
1244 1201 368.7 58.8
1201 1248 176.3 30.2
1248 1201 176.3 32.3
1214 1090 141.7 9.3
1090 1214 179.4 53.1
1254 1258 586.3 49.7
1258 1254 345.3 27.8
1259 1260 99.8 14.4
1260 1259 99.8 14.4
1260 1262 207.0 31.8
1262 1260 207.0 35.1
1256 1263 75.2 10.9
1263 1256 75.2 10.9
1263 1264 287.6 46.4
1264 1263 287.6 43.2
1263 1258 343.8 39.4
1258 1263 109.3 21.8
1264 1266 105.4 20.8
1266 1264 105.4 17.5
1267 1264 181.7 34.8
1264 1267 181.7 34.8
1268 1269 117.4 27.4
1269 1268 117.4 21.0
1108 1270 118.2 13.5
1270 1108 118.2 10.3
1270 1271 112.7 20.9
1271 1270 112.7 17.6
1259 1271 190.8 31.7
1271 1259 190.8 38.3
1271 1262 107.8 21.1
1262 1271 107.8 17.8
1261 1272 51.8 7.4
1272 1261 51.8 7.4
1273 1274 99.8 14.3
1274 1273 99.8 14.6
549 1276 342.6 54.6
1276 549 342.6 51.3
1269 1278 97.2 20.3
1278 1269 97.2 17.2
1231 1279 632.5 91.3
1279 1231 632.5 91.3
1111 1116 84.6 5.6
1116 1111 84.6 5.6
1116 353 116.6 7.6
353 1116 116.6 7.6
877 1281 498.5 32.7
1281 877 498.5 32.7
1282 1283 142.5 21.8
1283 1282 142.5 24.7
1283 933 463.3 69.2
933 1283 463.3 72.5
1281 1284 327.8 21.3
1284 1281 327.8 21.3
456 1285 77.7 13.3
1285 456 77.7 16.7
1287 1288 84.8 12.2
1288 1287 84.8 12.2
1286 1288 265.2 40.5
1288 1286 265.2 43.8
1292 917 163.5 25.9
917 1292 163.5 32.4
1295 1296 393.1 24.4
1296 1295 1047.1 86.9
1297 891 376.4 54.3
891 1297 376.4 54.3
1299 1300 233.9 37.1
1300 1299 233.9 43.5
1287 1302 129.6 20.6
1302 1287 129.6 23.9
1302 1293 365.7 59.3
1293 1302 365.7 59.5
1303 1306 156.5 24.0
1306 1303 156.5 27.9
1307 1308 135.2 19.6
1308 1307 135.2 19.6
1312 1314 227.8 34.9
1314 1312 227.8 38.2
1314 1315 670.6 100.7
1315 1314 670.6 107.2
1316 1160 926.7 133.4
1160 1316 926.7 133.4
1319 1321 208.7 16.9
1321 1319 208.7 20.0
1323 1324 111.4 5.8
1324 1323 1132.3 83.4
1325 1326 217.2 64.5
1326 1325 217.2 61.2
536 509 233.2 24.5
509 536 233.2 31.0
1327 1328 121.8 8.1
1328 1327 121.8 8.1
1284 1325 410.8 59.8
1325 1284 410.8 59.8
905 1290 294.8 26.5
1290 905 294.8 26.5
1332 1333 52.4 7.6
1333 1332 52.4 7.6
1330 1335 97.9 5.0
1335 1330 464.9 47.3
1332 1335 407.5 58.4
1335 1332 166.6 20.7
1337 1338 42.7 2.2
1338 1337 605.9 53.3
1339 1340 2.0 0.1
1340 1339 807.9 80.1
1341 1340 489.3 37.0
1340 1341 1406.0 91.2
292 1342 670.7 108.2
1342 292 670.7 101.7
1344 1345 385.6 57.8
1345 1344 385.6 56.0
1346 1347 355.4 52.8
1347 1346 355.4 56.1
1347 1350 164.7 26.3
1350 1347 164.7 29.6
1348 1353 640.7 92.0
1353 1348 640.7 92.0
1357 1358 198.3 28.6
1358 1357 198.3 28.6
1360 1359 655.3 98.2
1359 1360 655.3 101.0
1362 1363 823.5 118.6
1363 1362 823.5 118.6
1355 1373 278.5 23.4
1373 1355 278.5 26.4
1370 1364 217.9 20.0
1364 1370 217.9 17.8
1379 1378 438.0 72.6
1378 1379 438.0 74.4
1380 1378 592.0 212.9
1378 1380 592.0 212.9
1387 1388 949.3 136.8
1388 1387 949.3 136.8
1352 1392 438.3 63.1
1392 1352 438.3 63.1
1394 1352 766.1 117.0
1352 1394 766.1 114.4
1395 1352 634.2 94.1
1352 1395 634.2 97.3
1359 1400 1384.9 208.5
1400 1359 1384.9 204.0
1365 1404 1739.7 631.1
1404 1365 1739.7 628.2
1406 1407 127.2 20.5
1407 1406 127.2 19.9
1383 1348 258.3 41.2
1348 1383 258.3 38.4
1408 1406 859.7 132.2
1406 1408 859.7 127.1
1385 1409 1117.1 160.9
1409 1385 1117.1 160.9
1411 1377 490.8 176.8
1377 1411 490.8 176.8
1351 1416 948.7 136.7
1416 1351 948.7 136.7
1349 1346 1005.3 144.9
1346 1349 1005.3 144.9
1419 1367 480.3 69.2
1367 1419 480.3 69.2
1366 1420 783.0 112.4
1420 1366 783.0 112.4
1404 1423 103.3 37.2
1423 1404 103.3 37.2
1424 1381 105.1 15.1
1381 1424 105.1 15.1
1353 1428 667.5 96.1
1428 1353 667.5 96.1
364 362 1112.6 160.2
362 364 1112.6 160.2
364 1412 2.8 0.4
1412 364 2.8 0.4
1397 1433 9.6 1.3
1433 1397 9.6 1.3
1436 1437 2.5 0.6
1437 1436 2.5 0.6
1436 1420 159.0 36.6
1420 1436 159.0 39.9
1439 1440 1.9 0.3
1440 1439 1.9 0.3
1361 1444 77148.4 6428.9
1444 1361 76716.7 6384.2
1450 1451 419.9 60.4
1451 1450 419.9 60.4
1453 1454 2884.0 377.4
1454 1453 2884.0 372.1
1450 1455 354.5 53.0
1455 1450 354.5 56.3
673 1456 32.2 4.6
1456 673 32.2 4.6
1467 1468 1264.1 182.2
1468 1467 1264.1 182.2
1474 1475 72.4 16.2
1475 1474 72.4 12.9
1452 1480 1010.5 152.3
1480 1452 1010.5 155.3
1485 1486 149.3 21.5
1486 1485 149.3 21.5
1488 1489 413.6 63.1
1489 1488 413.6 66.3
1493 1002 144.0 7.3
1002 1493 144.0 7.3
1494 1445 578.3 194.9
1445 1494 578.3 197.4
1495 1496 259.6 14.2
1496 1495 259.6 14.2
1463 1465 681.3 68.3
1465 1463 681.3 65.9
1500 1499 452.6 25.2
1499 1500 452.6 25.2
1317 1502 2481.1 317.1
1502 1317 2481.1 320.8
648 1453 1036.6 145.4
1453 648 1036.6 139.0
1491 1508 15.2 2.2
1508 1491 15.2 2.2
1511 1512 429.6 62.0
1512 1511 429.6 62.0
1445 1514 290.8 41.9
1514 1445 290.8 41.9
1516 1517 48.4 17.3
1517 1516 48.4 17.3
1518 1519 70.0 6.3
1519 1518 70.0 6.3
1513 466 10.5 1.5
466 1513 10.5 1.5
1513 1520 798.6 107.0
1520 1513 798.4 119.4
1448 1505 1007.4 113.7
1505 1448 1007.4 119.3
1524 1472 139.7 25.0
1472 1524 139.7 21.8
1525 1524 161.7 34.6
1524 1525 161.7 28.0
1525 1523 129.7 18.7
1523 1525 129.7 18.7
1526 1525 148.7 31.8
1525 1526 148.7 25.3
1529 1526 214.2 30.8
1526 1529 214.2 30.8
1499 1529 130.7 18.4
1529 1499 130.7 20.1
1473 1530 139.2 20.0
1530 1473 139.2 20.0
1531 1530 194.4 38.9
1530 1531 194.4 32.3
1532 1473 132.2 19.0
1473 1532 132.2 19.0
1533 1534 72.3 15.4
1534 1533 72.3 12.1
1539 1202 357.9 50.3
1202 1539 357.9 47.2
1541 1540 116.9 28.2
1540 1541 116.9 28.2
1544 1484 999.1 361.5
1484 1544 999.1 364.7
1545 1546 266.2 38.3
1546 1545 266.2 38.3
1547 1548 117.3 16.9
1548 1547 117.3 16.9
1518 1553 18.7 1.7
1553 1518 18.7 1.7
197 1555 27.9 4.0
1555 197 27.9 4.0
1483 1484 850.3 122.3
1484 1483 850.3 122.3
1562 1446 2355.3 848.0
1446 1562 2355.3 851.3
1517 1562 45.8 16.5
1562 1517 45.8 16.5
1453 585 310.2 44.7
585 1453 310.2 44.7
1565 178 82.3 17.3
178 1565 82.3 14.0
1462 1565 34.9 5.0
1565 1462 34.9 5.0
1497 1566 119.3 6.7
1566 1497 119.3 6.7
1482 1567 112.8 20.7
1567 1482 112.8 17.7
1572 1511 789.1 113.8
1511 1572 789.1 113.8
957 960 150.3 13.5
960 957 150.3 13.5
1514 1576 25.3 3.6
1576 1514 25.3 3.6
1578 1571 575.6 51.9
1571 1578 575.6 51.9
1578 1579 52.5 4.7
1579 1578 52.5 4.7
1580 1581 450.3 57.6
1581 1580 450.3 60.9
1504 1580 613.4 33.9
1580 1504 613.4 33.9
1587 1588 0.0 0.0
1588 1587 0.0 0.0
1586 1585 175.0 29.0
1585 1586 175.0 26.2
1274 1572 282.2 46.5
1572 1274 282.2 47.8
1274 1593 266.5 45.6
1593 1274 266.5 44.7
1536 1317 7.9 1.1
1317 1536 7.9 1.1
1594 1595 56.1 8.0
1595 1594 56.1 8.0
1594 197 15.7 2.2
197 1594 15.7 2.2
178 1596 121.1 22.5
1596 178 121.1 19.2
1597 1536 15.6 2.2
1536 1597 15.6 2.2
1558 1598 30.7 1.6
1598 1558 30.7 1.6
1601 1600 117.0 16.7
1600 1601 117.0 16.7
1601 1602 112.7 16.2
1602 1601 112.7 16.2
1607 1476 33.7 4.8
1476 1607 33.7 4.8
1507 1609 92.4 9.5
1609 1507 92.4 12.8
1506 1507 180.9 13.3
1507 1506 180.9 16.3
1455 1479 617.5 88.9
1479 1455 617.5 88.9
1455 1615 52.1 7.5
1615 1455 52.1 7.5
1546 1480 32.5 4.7
1480 1546 32.5 4.7
1548 1620 179.1 25.8
1620 1548 179.1 25.8
1620 1548 179.1 25.8
1548 1620 179.1 25.8
1622 1623 143.2 41.3
1623 1622 143.2 41.5
1560 1604 180.1 26.1
1604 1560 180.1 26.1
1625 1622 55.6 9.9
1622 1625 55.6 9.7
1626 1627 53.1 9.7
1627 1626 53.1 13.0
1534 1531 116.4 22.3
1531 1534 116.4 19.0
1475 1534 267.6 51.3
1534 1475 267.6 48.0
1552 1470 154.5 22.3
1470 1552 154.5 22.1
1595 1564 133.9 19.4
1564 1595 133.9 19.4
1624 1629 0.0 0.0
1629 1624 0.0 0.0
1468 1477 124.0 17.9
1477 1468 124.0 17.9
1630 1537 280.8 40.5
1537 1630 280.8 40.5
1607 1590 390.7 67.6
1590 1607 390.7 61.0
1541 1450 399.8 65.0
1450 1541 399.8 65.1
1488 1632 348.5 50.2
1632 1488 348.5 50.2
1637 1638 405.4 145.8
1638 1637 405.4 145.4
1639 1640 2431.9 481.4
1640 1639 2431.9 477.8
1496 1643 73.9 4.1
1643 1496 73.9 4.1
1644 1645 486.2 70.1
1645 1644 486.2 70.1
1653 1654 128.3 18.3
1654 1653 128.3 18.3
1665 1666 225.0 32.4
1666 1665 225.0 32.4
1668 1667 70.2 10.2
1667 1668 70.2 10.2
1670 1671 118.0 17.0
1671 1670 118.0 17.0
1674 1675 855.1 72.9
1675 1674 1718.4 134.6
1471 1628 208.5 25.8
1628 1471 208.5 22.5
1677 1678 168.8 24.3
1678 1677 168.8 24.3
1681 1682 1127.0 172.3
1682 1681 1127.0 171.0
1636 1683 976.1 140.5
1683 1636 976.1 140.5
1684 613 1114.2 200.7
613 1684 1114.2 196.3
1684 1685 303.9 79.4
1685 1684 303.9 78.6
1653 1687 448.4 70.3
1687 1653 448.4 71.7
1693 1694 865.0 124.6
1694 1693 865.0 124.6
1697 1655 814.7 122.1
1655 1697 814.7 118.9
1698 1657 199.8 28.9
1657 1698 199.8 29.2
1681 1699 666.3 96.0
1699 1681 666.3 96.0
1700 1701 10791.7 1130.5
1701 1700 10791.7 1140.7
1640 1704 891.6 322.9
1704 1640 891.6 326.2
1634 1705 453.8 65.2
1705 1634 453.8 65.2
1707 1708 625.8 91.4
1708 1707 625.8 94.4
1665 1710 145.5 21.1
1710 1665 145.5 21.1
1670 1713 40.4 5.8
1713 1670 40.4 5.8
585 1714 0.0 0.0
1714 585 0.0 0.0
1716 1717 55.3 8.0
1717 1716 55.3 8.0
1673 1676 913.4 131.4
1676 1673 913.4 131.4
1720 1644 253.5 36.4
1644 1720 253.5 36.4
1646 1722 1003.5 144.5
1722 1646 1003.5 144.5
671 1723 7212.0 670.7
1723 671 7212.0 667.4
1701 1698 320.4 47.5
1698 1701 320.4 50.3
1730 1731 362.2 52.4
1731 1730 362.2 52.4
923 1732 179.3 25.9
1732 923 179.3 25.9
606 1665 756.1 108.8
1665 606 756.1 108.8
1731 1733 297.2 42.7
1733 1731 297.2 42.7
1734 605 611.6 88.0
605 1734 611.6 88.0
1682 1743 184.0 44.2
1743 1682 184.0 44.2
1687 1745 200.6 28.8
1745 1687 200.6 28.8
1747 1748 119.4 17.3
1748 1747 119.4 17.3
1749 1652 104.4 16.8
1652 1749 104.4 17.8
1749 1750 33.5 4.9
1750 1749 33.5 4.9
1651 1718 265.6 23.9
1718 1651 265.6 23.9
1651 1751 197.0 28.4
1751 1651 197.0 28.4
417 1752 720.8 103.7
1752 417 720.8 103.7
1755 1118 149.9 21.6
1118 1755 149.9 21.6
1635 1761 248.2 37.1
1761 1635 248.2 32.8
1708 1706 36.5 5.3
1706 1708 36.5 5.3
1708 1762 398.6 59.4
1762 1708 398.6 62.7
1151 1764 171.7 9.5
1764 1151 171.7 9.5
1766 1663 791.1 113.9
1663 1766 791.1 113.9
1728 1659 1393.4 77.3
1659 1728 1393.4 77.3
1666 1767 62.3 8.9
1767 1666 62.3 8.9
1770 1771 315.4 47.5
1771 1770 315.4 50.8
1726 1725 120.4 17.4
1725 1726 120.4 17.4
1733 1729 244.5 35.2
1729 1733 244.5 35.2
1784 1785 964.0 358.6
1785 1784 964.0 355.1
1783 1786 85.5 16.8
1786 1783 85.5 15.9
1787 1786 667.6 103.8
1786 1787 667.6 106.2
1789 1790 372.4 61.1
1790 1789 372.4 58.2
1791 1784 203.2 73.0
1784 1791 203.2 73.0
1793 1794 173.1 62.4
1794 1793 173.1 62.4
1785 1795 292.7 105.5
1795 1785 292.7 105.5
1790 1796 149.9 35.9
1796 1790 149.9 35.9
1798 1625 1708.2 333.4
1625 1798 1708.2 329.9
1799 1547 1765.8 254.3
1547 1799 1765.8 254.3
1800 1801 2248.7 809.4
1801 1800 2248.7 809.4
1801 1798 106.2 38.2
1798 1801 106.2 38.2
618 1803 606.0 97.7
1803 618 606.0 91.2
1137 1804 88.9 13.7
1804 1137 88.9 16.2
977 978 20.0 1.3
978 977 20.0 1.3
1015 1807 316.3 54.5
1807 1015 316.3 54.5
1412 360 261.1 38.8
360 1412 261.1 41.3
1685 1808 12.1 1.8
1808 1685 12.1 1.8
1151 1152 191.6 10.7
1152 1151 191.6 10.7
1247 1316 106.1 15.3
1316 1247 106.1 15.3
1809 1811 8.8 0.5
1811 1809 8.8 0.5
1756 1812 1298.7 149.5
1812 1756 2655.3 259.7
1813 1814 41.4 2.1
1814 1813 41.4 2.1
100 1815 232.5 32.7
1815 100 232.5 29.5
851 1816 28.9 2.6
1816 851 28.9 2.6
1140 1817 768.7 64.9
1817 1140 375.8 44.8
1818 1819 78.4 12.9
1819 1818 78.4 16.0
1820 1821 64.9 9.3
1821 1820 64.9 9.9
1823 218 278.5 31.7
218 1823 278.5 34.5
850 1824 94.2 13.5
1824 850 94.2 13.5
1827 1826 5.7 0.8
1826 1827 5.7 0.8
204 202 80.4 11.6
202 204 80.4 11.6
192 733 61.9 19.3
733 192 61.9 13.2
1832 369 1007.6 93.2
369 1832 1007.6 92.2
847 754 539.5 79.5
754 847 539.5 82.8
434 431 727.8 68.6
431 434 727.8 71.9
666 1835 43.6 6.2
1835 666 43.6 6.2
481 504 1190.2 69.7
504 481 1190.2 67.5
1839 621 142.2 22.2
621 1839 142.2 25.3
723 724 432.9 62.3
724 723 432.9 62.2
764 775 169.6 15.8
775 764 169.6 16.7
828 1844 267.2 38.7
1844 828 267.2 38.7
821 1845 2581.8 298.7
1845 821 2581.8 292.1
1033 987 295.6 44.2
987 1033 295.6 47.2
1033 1846 117.0 16.7
1846 1033 117.0 16.7
1846 1847 141.1 20.4
1847 1846 141.1 20.4
1846 1848 372.9 55.6
1848 1846 372.9 58.9
1 710 3672.6 486.3
710 1 3672.6 475.6
636 637 438.0 71.3
637 636 438.0 71.3
1290 915 149.9 29.9
915 1290 149.9 23.6
1851 665 45.0 6.5
665 1851 45.0 6.5
1618 1853 140.4 25.4
1853 1618 140.4 22.1
1371 1364 492.7 71.2
1364 1371 492.7 71.1
1431 1855 190.5 45.8
1855 1431 190.5 45.8
856 769 684.1 61.5
769 856 684.1 61.5
1003 528 481.1 24.6
528 1003 481.1 24.6
1131 1123 150.1 21.6
1123 1131 150.1 21.6
93 151 173.7 25.1
151 93 173.7 25.1
1867 1868 277.2 51.0
1868 1867 277.2 44.4
1860 1869 3.1 0.1
1869 1860 45252.9 1906.9
1456 1876 2184.5 314.6
1876 1456 2184.5 314.6
730 778 65.7 9.4
778 730 65.7 9.4
730 1877 156.2 22.5
1877 730 156.2 22.5
1823 1827 339.7 41.1
1827 1823 339.7 37.0
531 1823 99.0 4.9
1823 531 99.0 4.9
495 491 1151.3 169.7
491 495 1151.3 166.7
482 1882 46.2 6.7
1882 482 46.2 6.7
515 1883 636.4 91.6
1883 515 636.4 91.6
515 1884 759.3 114.9
1884 515 759.3 111.3
1884 1883 168.7 29.3
1883 1884 168.7 26.3
1229 1885 174.2 27.1
1885 1229 174.2 30.4
351 1885 382.3 59.6
1885 351 412.7 61.0
670 683 555.8 80.0
683 670 555.8 80.0
1157 1193 196.1 28.4
1193 1157 196.1 28.4
1894 1132 8.9 1.3
1132 1894 8.9 1.3
1755 1895 804.7 123.3
1895 1755 804.7 118.0
1758 1677 278.7 39.8
1677 1758 278.7 39.8
712 1896 430.4 62.0
1896 712 430.4 62.0
906 910 326.4 56.5
910 906 326.4 50.2
1739 1897 111.4 40.2
1897 1739 111.4 40.2
1898 627 1000.0 120.5
627 1898 1000.0 123.8
596 1900 77.9 12.9
1900 596 77.9 16.1
1902 1903 72.2 10.4
1903 1902 72.2 10.4
1904 4 0.0 0.0
4 1904 0.0 0.0
1904 1905 366.2 45.3
1905 1904 366.2 47.9
1023 1024 304.5 48.8
1024 1023 304.5 50.8
1907 1024 74.0 10.6
1024 1907 74.0 10.6
38 181 109.1 18.0
181 38 109.1 21.3
1912 1909 100.5 21.1
1909 1912 100.5 18.4
1199 1197 65.2 9.4
1197 1199 65.2 12.2
1279 1297 279.4 40.2
1297 1279 279.4 40.2
1228 1915 314.1 46.3
1915 1228 314.1 48.9
714 715 3239.0 347.8
715 714 3239.0 343.0
1919 1920 97.0 8.8
1920 1919 97.0 8.8
126 1921 391.8 57.6
1921 126 391.8 56.7
1036 922 150.2 21.6
922 1036 150.2 21.6
1326 536 338.5 58.7
536 1326 338.5 61.9
1326 1923 412.9 101.6
1923 1326 341.6 89.0
952 1902 70.8 10.2
1902 952 70.8 10.2
980 881 576.4 88.6
881 980 576.4 85.3
881 596 6.2 0.8
596 881 6.2 0.8
1324 1337 28.3 1.5
1337 1324 620.4 54.0
1338 902 96.9 4.9
902 1338 551.7 50.6
418 402 264.8 41.1
402 418 264.8 44.3
1930 1931 1213.4 192.4
1931 1930 1213.4 189.3
661 1932 247.6 35.6
1932 661 247.6 35.6
1932 1933 254.7 36.6
1933 1932 254.7 36.6
1933 574 238.0 36.4
574 1933 238.0 39.7
1932 1933 254.7 36.6
1933 1932 254.7 36.6
675 583 748.4 149.5
583 675 748.4 149.5
1935 1936 551.2 135.4
1936 1935 551.2 137.7
1939 1940 321.0 59.1
1940 1939 321.0 53.9
1002 1493 144.0 7.3
1493 1002 144.0 7.3
1211 1941 310.7 48.4
1941 1211 310.7 54.7
1179 1852 459.0 66.3
1852 1179 459.0 66.3
970 973 133.1 19.1
973 970 133.1 19.1
965 970 460.8 70.7
970 965 546.0 70.9
1952 1650 111.4 5.8
1650 1952 111.4 5.8
607 664 515.2 73.9
664 607 515.2 70.7
663 1954 174.7 9.0
1954 663 174.7 9.0
479 928 1244.7 112.8
928 479 1244.7 112.8
534 1956 122.0 6.3
1956 534 122.0 6.3
1958 1962 0.0 0.0
1962 1958 0.0 0.0
519 1963 14.4 2.0
1963 519 14.4 2.0
1968 1969 298.6 43.0
1969 1968 298.6 43.0
1202 1968 21.1 3.0
1968 1202 21.1 3.0
530 542 148.4 8.5
542 530 148.4 7.9
510 739 62.8 3.4
739 510 62.8 3.4
1158 1973 1268.4 182.7
1973 1158 1268.4 182.7
1158 1974 821.9 118.4
1974 1158 821.9 118.4
1975 1674 0.0 0.0
1674 1975 0.0 0.0
1841 1318 372.8 72.9
1318 1841 372.8 76.1
1318 1977 540.5 93.2
1977 1318 540.5 83.5
1980 1927 507.6 81.9
1927 1980 507.6 85.3
518 535 413.1 37.1
535 518 413.1 37.1
1859 1894 390.3 64.3
1894 1859 390.3 68.4
1931 918 760.6 100.7
918 1931 760.6 110.4
1931 1984 3.0 0.5
1984 1931 3.0 0.5
487 1337 1025.5 104.4
1337 487 2731.3 202.1
1942 75 249.9 35.9
75 1942 249.9 35.9
1987 1887 430.8 38.7
1887 1987 430.8 38.7
1988 1987 10.1 0.9
1987 1988 10.1 0.9
1649 1952 295.4 15.1
1952 1649 295.4 15.1
1992 1993 15.0 2.1
1993 1992 15.0 2.1
1994 1323 259.0 13.2
1323 1994 654.7 56.2
1996 1995 69.0 6.2
1995 1996 69.0 6.2
1995 1997 371.9 45.3
1997 1995 371.9 51.5
2001 2002 3224.3 481.6
2002 2001 3251.0 490.4
2003 2004 308.5 44.2
2004 2003 308.5 44.2
864 863 205.4 29.6
863 864 205.4 29.6
245 240 108.2 22.6
240 245 108.2 20.1
2008 2009 16.5 2.3
2009 2008 16.5 2.3
1895 2010 1923.1 280.6
2010 1895 1923.1 288.9
1714 2013 3241.2 396.7
2013 1714 3241.2 409.6
648 628 556.8 57.8
628 648 556.8 55.0
685 684 971.3 102.9
684 685 971.3 109.1
685 2017 176.7 25.5
2017 685 176.7 25.5
2018 1424 749.2 107.6
1424 2018 749.2 107.6
484 604 408.6 58.8
604 484 408.6 58.8
630 619 765.5 74.2
619 630 765.5 77.0
630 2020 172.7 24.9
2020 630 172.7 24.9
2024 2025 126.9 32.5
2025 2024 320.1 77.9
2025 2026 86.2 20.7
2026 2025 86.2 20.6
1115 1319 147.9 9.6
1319 1115 147.9 9.6
342 2027 374.4 55.9
2027 342 374.4 59.5
765 2028 405.8 60.4
2028 765 405.8 63.7
467 1944 310.1 42.2
1944 467 310.1 45.0
793 2031 292.7 36.3
2031 793 292.7 41.6
2031 2032 216.9 35.2
2032 2031 216.9 37.9
1088 1091 197.3 39.2
1091 1088 197.3 32.6
1094 1095 100.9 15.9
1095 1094 100.9 19.0
1293 1303 130.9 18.9
1303 1293 130.9 19.2
1376 2018 2122.5 306.7
2018 1376 2122.5 303.7
2038 2042 106.1 17.4
2042 2038 106.1 20.7
2042 2038 106.1 20.7
2038 2042 106.1 17.4
2043 2044 1845.9 615.2
2044 2043 1845.9 612.2
2045 2046 33284.9 1445.9
2046 2045 1738.7 69.5
2048 2045 34829.0 1507.6
2045 2048 194.6 7.8
2050 2049 89.5 18.5
2049 2050 307.4 54.1
2046 2052 32883.5 1429.8
2052 2046 2140.1 85.6
2059 2060 1234.0 177.9
2060 2059 1234.0 178.1
2061 2059 66.7 9.6
2059 2061 66.7 9.6
2065 2061 828.1 118.7
2061 2065 828.1 120.2
2067 2065 374.8 24.3
2065 2067 374.8 24.3
2067 2061 1002.8 124.8
2061 2067 1002.8 124.5
2074 2072 772.4 116.4
2072 2074 772.4 113.8
2076 2077 136.5 8.9
2077 2076 136.5 8.9
2078 2075 1041.4 361.5
2075 2078 1041.4 358.5
2078 2079 133.8 8.8
2079 2078 133.8 8.8
2081 2080 36037.3 1540.4
2080 2081 12961.6 597.1
2085 2086 289.6 30.0
2086 2085 289.6 31.8
2088 2085 234.4 37.3
2085 2088 234.4 34.7
2093 2092 12468.8 562.9
2092 2093 242.6 24.8
2093 2091 113.8 7.5
2091 2093 113.8 7.5
2094 2095 113.7 40.9
2095 2094 113.7 40.9
2044 2096 141.4 7.2
2096 2044 141.4 7.2
2097 2098 899.5 129.6
2098 2097 899.5 129.6
2047 2101 419.6 60.6
2101 2047 419.6 60.4
2103 2102 264.3 60.1
2102 2103 264.3 58.9
2104 2105 801.8 86.3
2105 2104 1069.3 100.7
2109 2103 1205.3 127.6
2103 2109 1205.3 123.6
2115 2116 666.8 67.9
2116 2115 25.8 1.6
2119 2120 271.5 39.0
2120 2119 271.5 39.0
2121 2047 368.1 53.1
2047 2121 368.1 53.1
2122 2123 1496.0 219.3
2123 2122 1496.0 216.1
2125 2126 61.2 14.1
2126 2125 61.2 10.9
2127 2128 337.1 48.5
2128 2127 337.1 48.5
2134 2135 675.7 97.3
2135 2134 675.7 97.3
2138 2136 117.4 7.7
2136 2138 117.4 7.7
2141 2142 141.8 20.2
2142 2141 141.8 20.2
2147 2144 120.0 17.4
2144 2147 120.0 17.4
2148 2149 153.9 25.5
2149 2148 153.9 23.0
2151 2150 129.9 21.0
2150 2151 129.9 24.2
2126 2152 30.0 4.3
2152 2126 30.0 4.3
2155 2156 287.9 41.6
2156 2155 287.9 41.6
2157 2155 196.1 34.4
2155 2157 196.1 31.2
2157 2151 220.7 38.5
2151 2157 220.7 34.1
2162 2163 257.2 37.8
2163 2162 242.8 36.0
2162 2161 145.4 13.0
2161 2162 145.4 13.0
2166 2165 169.7 35.1
2165 2166 169.7 28.5
2170 2168 92.8 16.5
2168 2170 92.8 13.3
2171 2172 106.0 20.7
2172 2171 106.0 17.4
2179 2171 125.5 18.1
2171 2179 125.5 18.1
2181 2180 7.6 1.0
2180 2181 7.6 1.0
2182 2179 123.8 23.1
2179 2182 123.8 19.8
2183 2177 185.7 35.9
2177 2183 185.7 29.4
2184 2178 123.7 17.8
2178 2184 123.7 17.8
2184 2181 166.5 28.2
2181 2184 166.5 21.6
2185 2179 130.7 18.8
2179 2185 130.7 18.8
2186 2183 100.6 19.9
2183 2186 100.6 16.6
2189 2185 100.9 14.5
2185 2189 100.9 14.5
2190 2186 110.5 15.9
2186 2190 110.5 15.9
2191 2187 163.1 21.4
2187 2191 163.1 18.1
2194 2191 176.8 22.2
2191 2194 176.8 18.9
2199 2200 229.0 22.6
2200 2199 229.0 19.9
2204 2205 124.7 17.9
2205 2204 124.7 17.9
2211 2202 172.8 38.1
2202 2211 172.8 31.5
2212 2203 125.2 18.0
2203 2212 125.2 18.0
2212 2208 171.3 35.4
2208 2212 171.3 28.8
2215 2212 175.7 35.8
2212 2215 175.7 29.2
2216 2214 154.3 19.5
2214 2216 154.3 17.1
2217 2211 115.9 22.0
2211 2217 115.9 18.7
2218 2219 131.1 24.5
2219 2218 131.1 21.2
2220 2221 203.2 34.4
2221 2220 203.2 31.2
2222 2217 126.2 18.3
2217 2222 126.2 18.3
2225 2222 279.6 62.5
2222 2225 279.6 52.7
2225 2226 277.8 62.6
2226 2225 277.8 52.8
2232 2225 298.1 62.6
2225 2232 298.1 62.6
2234 2230 181.8 31.6
2230 2234 181.8 28.3
2234 2228 123.6 17.9
2228 2234 123.6 17.9
2235 2227 131.0 18.9
2227 2235 131.0 18.9
2235 2231 179.0 36.4
2231 2235 179.0 29.9
2236 2235 180.0 36.5
2235 2236 180.0 30.0
2239 2237 67.3 9.6
2237 2239 67.3 9.6
2241 2242 64.8 9.3
2242 2241 64.8 9.3
2243 2241 170.0 34.5
2241 2243 170.0 28.1
2245 2238 232.7 44.1
2238 2245 232.7 37.5
2247 2244 180.3 31.0
2244 2247 180.3 27.8
2253 2252 56.3 9.2
2252 2253 56.3 6.4
2254 2253 90.4 14.8
2253 2254 90.4 11.6
2257 2254 160.1 25.5
2254 2257 160.1 19.4
2260 2261 174.3 35.3
2261 2260 174.3 28.8
2262 2263 143.0 20.5
2263 2262 143.0 20.5
2265 2260 239.3 38.2
2260 2265 198.6 36.0
2266 2267 88.7 12.8
2267 2266 88.7 12.8
2268 2269 112.9 16.2
2269 2268 112.9 16.2
2273 2272 190.7 31.5
2272 2273 190.7 38.1
2274 2262 152.8 22.1
2262 2274 152.8 22.1
2274 2273 194.6 32.1
2273 2274 194.6 38.7
2275 2271 43.1 6.2
2271 2275 43.1 6.2
2276 2271 94.4 19.2
2271 2276 94.4 15.9
2278 2279 610.9 88.6
2279 2278 610.9 91.9
2280 2268 428.4 66.9
2268 2280 428.4 63.7
2281 2276 115.0 16.5
2276 2281 115.0 16.5
2282 2277 261.6 62.8
2277 2282 261.6 62.8
2283 2277 231.4 42.5
2277 2283 231.4 39.2
2284 2285 593.7 90.5
2285 2284 593.7 87.2
2289 2290 9.6 1.4
2290 2289 9.6 1.4
2066 2291 506.9 33.3
2291 2066 506.9 33.3
2090 2078 825.7 54.2
2078 2090 825.7 54.2
2298 2299 259.3 21.1
2299 2298 259.3 17.9
2149 2300 239.9 34.6
2300 2149 239.9 34.6
2301 2110 308.5 46.2
2110 2301 308.8 52.2
2251 2308 58.5 11.1
2308 2251 58.5 14.4
2315 2094 1591.6 573.2
2094 2315 1591.6 573.2
2312 2316 437.9 157.8
2316 2312 437.9 157.8
2317 2318 116.5 28.0
2318 2317 116.5 28.0
2319 2320 897.7 142.3
2320 2319 897.7 146.2
2077 2295 254.1 16.6
2295 2077 254.1 16.6
2322 2323 234.6 33.8
2323 2322 234.6 33.8
2324 2325 90.9 13.4
2325 2324 90.9 14.0
2326 2324 118.7 23.9
2324 2326 118.7 20.1
2325 2326 27.7 4.0
2326 2325 27.7 4.0
2332 2331 173.8 24.9
2331 2332 173.8 24.9
2333 2334 256.4 37.0
2334 2333 256.4 37.0
2291 2335 318.8 52.5
2335 2291 318.8 50.7
2336 2337 156.6 22.5
2337 2336 156.6 22.5
2338 2072 165.7 10.7
2072 2338 165.7 10.7
2339 2338 402.3 60.4
2338 2339 402.3 57.1
2340 2343 1709.9 615.6
2343 2340 1709.9 615.6
2344 2338 566.6 37.2
2338 2344 566.6 37.2
2316 2345 417.3 150.5
2345 2316 417.3 150.4
2316 2346 862.5 310.4
2346 2316 862.5 310.4
2345 2315 1331.6 482.1
2315 2345 1331.6 480.0
2345 2347 435.2 156.7
2347 2345 435.2 156.7
2206 2350 224.2 37.8
2350 2206 224.2 34.5
2204 2304 55.6 8.0
2304 2204 55.6 8.0
2354 2355 117.3 16.9
2355 2354 117.3 16.9
2355 2239 774.2 111.3
2239 2355 774.2 111.3
2358 2306 124.0 21.9
2306 2358 124.0 28.5
2106 2102 284.1 14.4
2102 2106 284.1 14.4
2368 2369 466.6 37.2
2369 2368 466.6 34.6
2095 2376 1.2 0.4
2376 2095 1.2 0.4
2095 2378 354.5 63.1
2378 2095 354.5 63.1
2095 2379 169.8 42.7
2379 2095 169.8 47.4
2381 2382 268.0 38.6
2382 2381 268.0 38.6
2384 2385 232.3 41.3
2385 2384 232.3 41.7
2384 2386 354.7 124.8
2386 2384 354.7 125.2
2386 2385 587.0 166.5
2385 2386 587.0 166.5
2392 2393 20.0 2.9
2393 2392 20.0 2.9
2394 2395 57.2 10.3
2395 2394 57.2 13.6
2396 2397 71.6 14.0
2397 2396 71.6 11.3
2147 2399 176.0 30.8
2399 2147 176.0 27.5
2400 2163 744.2 112.2
2163 2400 744.2 105.6
2164 2154 8.5 0.5
2154 2164 8.5 0.5
2221 2215 174.0 35.5
2215 2221 174.0 29.0
2283 2408 614.8 96.7
2408 2283 614.8 95.8
2409 2275 277.3 55.0
2275 2409 277.3 49.1
2409 2410 173.9 40.2
2410 2409 173.9 34.3
2412 2265 61.7 10.3
2265 2412 61.7 9.2
2241 2246 55.5 9.9
2246 2241 55.5 13.2
2266 2413 96.0 13.9
2413 2266 96.0 13.9
2272 2414 203.6 29.2
2414 2272 203.6 29.2
2415 2416 429.5 69.9
2416 2415 429.5 64.6
2417 2311 41.7 2.2
2311 2417 41.7 2.2
2417 2418 15.8 0.7
2418 2417 15.8 0.7
2418 2420 31.3 1.5
2420 2418 31.3 1.5
2420 2421 238.2 28.4
2421 2420 238.2 26.1
2424 2425 116.5 16.7
2425 2424 116.5 16.8
2427 2428 104.7 6.5
2428 2427 104.7 6.5
2431 2432 105.0 16.1
2432 2431 105.0 12.8
2434 2435 12.8 3.1
2435 2434 12.8 3.1
2192 2439 98.3 14.3
2439 2192 98.3 14.3
2300 2441 184.8 26.6
2441 2300 184.8 26.6
2300 2442 142.6 20.6
2442 2300 142.6 20.6
2124 2445 274.3 39.4
2445 2124 274.3 39.4
2222 2446 127.9 23.8
2446 2222 127.9 20.5
2446 2224 124.8 18.0
2224 2446 124.8 18.0
2446 2227 133.1 21.3
2227 2446 133.1 24.6
2424 2453 102.0 14.7
2453 2424 102.0 14.7
2360 2461 144.1 23.2
2461 2360 144.1 25.5
2462 2463 0.0 0.0
2463 2462 0.0 0.0
2270 2412 69.3 10.1
2412 2270 69.3 10.1
2261 2309 103.7 21.2
2309 2261 103.7 17.9
2464 2465 34.4 4.9
2465 2464 34.4 4.9
2466 2467 199.0 30.7
2467 2466 199.0 34.0
2146 2470 43.8 8.0
2470 2146 43.8 11.1
2142 2472 94.3 13.8
2472 2142 94.3 13.8
2142 2141 141.8 20.2
2141 2142 141.8 20.2
2286 2331 147.7 17.5
2331 2286 147.7 14.2
2462 2475 193.6 27.9
2475 2462 193.6 27.9
2359 2460 10.0 1.6
2460 2359 10.0 1.6
2406 2404 101.2 23.6
2404 2406 101.2 23.5
2480 2481 570.1 82.1
2481 2480 570.1 82.0
2248 2429 244.6 35.2
2429 2248 244.6 35.2
2483 2484 450.1 41.4
2484 2483 729.5 60.0
2210 2456 11.1 1.6
2456 2210 11.1 1.6
2399 2489 0.0 0.0
2489 2399 0.0 0.0
2375 2490 103.4 27.0
2490 2375 103.4 25.4
2419 2417 8.3 0.3
2417 2419 8.3 0.3
2493 2500 55.1 8.0
2500 2493 55.1 8.0
2504 2505 38.4 7.5
2505 2504 38.4 6.0
2518 2519 21.9 1.2
2519 2518 21.9 1.2
2520 2521 3.5 0.5
2521 2520 3.5 0.5
2522 2523 16.3 1.4
2523 2522 16.3 1.4
2524 2522 136.4 12.4
2522 2524 136.4 12.4
2526 2525 557.8 86.0
2525 2526 557.8 87.6
2528 2529 19.4 2.8
2529 2528 19.4 2.8
2531 2528 1350.2 486.4
2528 2531 1350.2 486.4
2538 2535 924.3 337.8
2535 2538 924.3 334.5
2541 2542 9.8 3.5
2542 2541 9.8 3.5
2545 2544 149.4 53.8
2544 2545 149.4 53.8
2546 2547 112.4 16.1
2547 2546 112.4 16.1
2550 2549 167.8 23.6
2549 2550 167.8 21.6
2552 2560 157.0 28.1
2560 2552 157.0 24.8
2314 2563 2512.7 537.1
2563 2314 2512.7 529.7
2566 2567 331.2 47.8
2567 2566 331.2 47.8
2573 2575 496.9 71.2
2575 2573 496.9 74.4
2575 2576 398.4 61.5
2576 2575 398.4 68.0
2577 2552 253.1 41.1
2552 2577 253.1 47.7
2579 2580 2.2 0.3
2580 2579 2.2 0.3
2584 2585 296.5 42.7
2585 2584 296.5 42.7
2586 2587 36.7 5.2
2587 2586 36.7 5.2
2588 2589 34.8 3.2
2589 2588 34.8 3.2
2592 2578 93.0 13.5
2578 2592 93.0 13.5
2593 2594 32.1 4.6
2594 2593 32.1 4.6
2597 2598 113.8 18.2
2598 2597 113.8 21.4
2595 2598 88.2 12.7
2598 2595 88.2 12.7
2599 2600 25.8 3.7
2600 2599 25.8 3.7
2587 2601 435.0 102.7
2601 2587 435.0 99.5
2567 2603 166.5 27.4
2603 2567 166.5 24.9
2600 2604 0.0 0.0
2604 2600 0.0 0.0
2569 2566 681.8 48.3
2566 2569 681.8 42.5
2608 2568 541.7 76.8
2568 2608 541.7 73.2
2600 2612 0.0 0.0
2612 2600 0.0 0.0
2614 2615 204.9 34.0
2615 2614 204.9 38.9
2576 2616 1446.7 234.8
2616 2576 1446.7 225.0
2570 2618 17.8 3.2
2618 2570 17.8 5.7
2614 2620 562.2 93.6
2620 2614 562.2 87.8
2624 2625 70.4 10.2
2625 2624 70.4 10.2
2626 2502 97.9 14.1
2502 2626 97.9 14.1
2630 2532 846.3 124.3
2532 2630 846.3 127.6
2527 2630 517.1 74.4
2630 2527 517.1 74.4
2633 2634 88.4 13.6
2634 2633 88.4 10.3
2637 2636 622.9 224.2
2636 2637 622.9 224.2
2638 2639 808.6 291.1
2639 2638 808.6 291.1
2529 2525 869.8 125.2
2525 2529 869.8 125.2
2581 2643 363.6 73.2
2643 2581 363.6 69.7
2645 2644 186.6 25.5
2644 2645 186.6 22.5
2501 2646 113.7 21.7
2646 2501 113.7 18.4
2647 2648 164.0 23.7
2648 2647 164.0 23.7
2534 2654 650.3 95.1
2654 2534 650.3 95.4
2654 2655 284.8 49.4
2655 2654 284.8 46.1
2654 2655 284.8 49.4
2655 2654 284.8 46.1
2657 2658 10.1 1.5
2658 2657 10.1 1.5
2659 2660 485.3 70.4
2660 2659 485.3 72.5
2662 2584 117.4 16.8
2584 2662 117.4 16.8
2668 2669 93.9 13.6
2669 2668 93.9 13.6
2555 2546 1355.3 487.9
2546 2555 1355.3 487.9
2651 2668 23.9 3.3
2668 2651 23.9 3.3
2676 2677 51.3 9.8
2677 2676 1657.6 112.3
2678 2679 231.9 32.4
2679 2678 231.9 27.5
2652 2680 71.7 10.4
2680 2652 71.7 10.4
2533 2682 446.7 64.4
2682 2533 446.7 64.4
2681 2683 405.5 58.4
2683 2681 405.5 58.4
2328 2691 915.3 131.7
2691 2328 915.3 131.7
2553 2544 60.2 21.7
2544 2553 60.2 21.7
2545 2553 157.6 56.8
2553 2545 157.6 56.8
2553 2692 231.2 83.2
2692 2553 231.2 83.2
2693 2694 111.5 10.1
2694 2693 111.5 10.1
2697 2698 831.3 126.0
2698 2697 831.3 123.0
2697 2659 1540.5 141.9
2659 2697 1540.5 145.0
2701 2290 75.3 10.8
2290 2701 75.3 10.8
2702 2703 9.9 1.4
2703 2702 9.9 1.4
2694 2705 146.5 13.2
2705 2694 146.5 13.2
2719 2720 739.0 107.7
2720 2719 739.0 110.7
2723 2724 57.7 8.3
2724 2723 57.7 8.3
2731 2729 757.3 71.7
2729 2731 757.3 74.6
2737 2738 535.2 48.3
2738 2737 535.2 48.9
2739 2734 6521.9 564.1
2734 2739 6521.9 559.3
2743 2741 1513.4 218.1
2741 2743 1513.4 218.1
2751 2749 192.3 9.8
2749 2751 192.3 9.8
2754 2755 78.0 4.1
2755 2754 78.0 4.1
2756 2757 1621.1 240.5
2757 2756 1621.1 240.7
2764 2763 5076.4 768.2
2763 2764 5088.3 783.0
2765 2766 321.1 46.2
2766 2765 321.1 46.2
2777 2779 3235.7 498.5
2779 2777 3235.7 511.3
2744 2782 534.3 77.0
2782 2744 534.3 77.0
2745 2783 145.0 21.0
2783 2745 145.0 21.0
2759 2784 454.2 55.1
2784 2759 454.2 58.2
2756 2786 401.2 57.7
2786 2756 401.2 57.7
2785 2754 189.6 9.5
2754 2785 189.6 9.5
2785 2787 159.5 21.8
2787 2785 159.5 22.7
2740 2767 30.3 4.2
2767 2740 30.3 4.2
2740 2790 98.3 14.2
2790 2740 98.3 14.2
2791 2792 376.0 40.5
2792 2791 376.0 40.6
2733 2793 201.6 27.5
2793 2733 201.6 28.1
2801 2798 312.8 45.0
2798 2801 333.9 75.4
2806 2464 93.5 13.4
2464 2806 93.5 13.4
2806 2414 247.3 42.6
2414 2806 247.3 40.2
2810 2808 117.8 17.0
2808 2810 117.8 17.0
2814 2815 1080.6 167.4
2815 2814 1080.6 174.0
2817 2818 86.3 12.5
2818 2817 86.3 12.5
2821 2822 77.4 11.1
2822 2821 77.4 11.1
2826 2827 0.0 0.0
2827 2826 0.0 0.0
2828 2829 719.5 105.4
2829 2828 719.5 108.7
2831 2832 571.9 79.0
2832 2831 559.6 75.7
2833 2834 309.5 44.6
2834 2833 309.5 44.6
2852 2853 508.7 74.9
2853 2852 952.0 123.8
2856 2857 367.5 52.9
2857 2856 367.5 52.9
2861 2862 284.8 14.6
2862 2861 284.8 14.6
2863 2864 235.5 40.5
2864 2863 235.5 37.6
2869 2867 215.6 37.3
2867 2869 215.6 34.2
2870 2867 254.1 36.5
2867 2870 254.1 36.5
2873 2874 119.8 16.3
2874 2873 113.9 15.5
2875 2876 0.0 0.0
2876 2875 0.0 0.0
2877 2873 268.1 24.0
2873 2877 268.1 24.0
2730 2883 62.7 5.6
2883 2730 62.7 5.6
2886 2885 172.2 26.2
2885 2886 172.2 22.7
2889 2886 141.1 24.3
2886 2889 141.1 23.4
2891 2892 117.0 7.1
2892 2891 117.0 7.1
2891 2889 333.7 21.0
2889 2891 333.7 21.0
2909 2910 40.3 7.8
2910 2909 40.3 11.0
2911 2912 905.2 50.4
2912 2911 1319.8 68.2
2915 2916 284.2 40.9
2916 2915 284.2 40.9
2917 2918 558.7 50.1
2918 2917 558.7 50.1
2919 2920 1519.1 524.0
2920 2919 2314.8 575.7
2930 2927 265.1 24.7
2927 2930 265.1 25.0
2931 2930 752.2 85.7
2930 2931 767.4 90.7
2933 2930 598.8 54.1
2930 2933 598.8 54.1
2936 2932 529.1 83.1
2932 2936 529.1 80.8
2936 2937 227.5 33.4
2937 2936 227.5 32.8
2939 2940 217.1 31.3
2940 2939 217.1 31.3
2947 2948 391.6 56.4
2948 2947 391.6 56.4
2951 2939 1778.6 256.3
2939 2951 1778.6 256.3
2952 2953 390.5 56.2
2953 2952 390.5 56.2
2957 2958 463.2 47.2
2958 2957 268.5 11.5
2974 2884 226.0 35.7
2884 2974 226.0 38.7
2975 2976 1021.6 124.3
2976 2975 916.5 104.4
2862 2978 193.3 15.3
2978 2862 193.3 18.6
2980 2981 448.1 64.5
2981 2980 448.1 64.5
2895 2890 393.4 58.0
2890 2895 393.4 56.2
2969 2713 1263.4 113.9
2713 2969 1263.4 113.9
2985 2986 20.5 2.9
2986 2985 20.5 2.9
2977 2816 137.4 19.2
2816 2977 137.4 22.1
2903 2987 61.7 9.0
2987 2903 61.7 9.0
2920 2911 761.6 44.9
2911 2920 201.4 20.2
2988 2965 1045.6 70.6
2965 2988 99.9 4.3
2978 2993 567.4 34.4
2993 2978 567.4 37.6
2994 2833 474.9 68.4
2833 2994 474.9 68.4
2995 2994 45.8 6.5
2994 2995 45.8 6.5
2996 2997 531.5 48.0
2997 2996 531.5 48.0
2973 3000 4510.7 503.2
3000 2973 4510.7 496.5
3003 3002 236.1 12.0
3002 3003 236.1 12.0
3003 3004 165.7 24.7
3004 3003 165.7 27.6
2945 2942 128.3 31.8
2942 2945 128.3 30.2
3008 2952 429.1 67.8
2952 3008 429.1 64.6
3008 3009 613.4 88.5
3009 3008 613.4 88.5
3013 3014 0.0 0.0
3014 3013 0.0 0.0
3015 3016 25.3 3.6
3016 3015 25.3 3.6
2864 3015 77.1 11.1
3015 2864 77.1 11.1
2864 2868 226.2 32.8
2868 2864 226.2 32.8
3017 3018 59.8 8.6
3018 3017 59.8 8.6
3020 3021 82.8 11.9
3021 3020 82.8 11.9
3022 3023 103.9 6.7
3023 3022 103.9 6.7
3022 3021 336.5 47.4
3021 3022 336.5 50.2
2892 3022 147.9 9.1
3022 2892 147.9 9.1
2892 3024 138.3 21.8
3024 2892 138.3 24.3
3025 2889 351.7 49.2
2889 3025 351.7 49.5
3027 3028 20.6 2.8
3028 3027 20.6 2.8
3029 3030 103.1 15.0
3030 3029 103.1 15.4
2968 3034 309.1 27.7
3034 2968 309.1 27.7
2968 3035 345.9 49.8
3035 2968 345.9 49.5
3036 2962 221.2 41.8
2962 3036 221.2 38.3
3036 3037 96.1 23.1
3037 3036 96.1 23.1
2970 3040 319.4 28.7
3040 2970 319.4 28.7
3041 3043 277.5 25.0
3043 3041 277.5 25.0
3041 3044 279.3 41.0
3044 3041 279.3 44.2
3045 2565 73.4 10.6
2565 3045 73.4 10.6
2910 2908 410.3 58.8
2908 2910 410.3 62.0
3051 2909 226.9 32.6
2909 3051 226.9 32.6
2854 3055 226.1 32.6
3055 2854 226.1 32.6
2854 3056 88.1 17.1
3056 2854 88.1 14.1
2845 3057 352.4 21.9
3057 2845 352.4 21.9
3059 3060 66.1 6.0
3060 3059 66.1 6.0
2874 2642 10.3 1.5
2642 2874 10.3 1.5
3048 3046 184.9 22.5
3046 3048 184.9 25.2
3062 3063 6.5 1.0
3063 3062 6.5 1.0
2819 2811 155.2 9.6
2811 2819 340.7 46.0
3064 3065 91.0 13.2
3065 3064 91.0 13.2
2822 3066 52.2 7.5
3066 2822 52.2 7.5
2840 3068 291.4 47.3
3068 2840 291.4 44.0
3076 3077 194.3 10.8
3077 3076 614.2 59.4
3082 3084 615.4 63.8
3084 3082 615.4 69.5
2944 3088 2033.5 114.6
3088 2944 8.0 0.3
3087 2944 2262.0 151.8
2944 3087 353.9 47.5
3093 2960 525.5 193.9
2960 3093 525.5 196.1
3096 2902 210.8 37.3
2902 3096 210.8 35.3
2987 2980 858.7 123.7
2980 2987 858.7 123.7
3099 3100 8.3 1.2
3100 3099 8.3 1.2
2879 3106 5667.2 842.8
3106 2879 5667.2 854.2
2879 3107 0.0 0.0
3107 2879 0.0 0.0
2858 3116 16.5 2.4
3116 2858 16.5 2.4
3118 3119 241.4 40.5
3119 3118 241.4 37.2
3120 3121 178.5 30.5
3121 3120 178.5 27.3
3123 2839 276.8 40.6
2839 3123 276.8 40.4
2829 2806 885.3 130.5
2806 2829 885.3 128.3
3124 2838 67.2 9.6
2838 3124 67.2 9.6
3071 3125 61.7 16.3
3125 3071 61.7 13.0
3125 3126 17.4 4.2
3126 3125 17.4 4.2
2827 3128 628.1 95.7
3128 2827 628.1 92.4
3129 3130 5.1 0.7
3130 3129 5.1 0.7
3132 2839 915.8 139.8
2839 3132 915.8 136.1
3084 3133 469.5 97.3
3133 3084 469.5 102.5
2819 3136 194.9 31.0
3136 2819 184.4 37.3
3136 3137 203.4 33.0
3137 3136 228.1 34.9
3137 3138 0.8 0.1
3138 3137 0.8 0.1
3046 3141 558.1 98.8
3141 3046 558.1 98.8
3130 2927 88.2 12.7
2927 3130 88.2 12.7
3143 3144 312.7 45.4
3144 3143 312.7 48.2
3143 2927 24.7 10.3
2927 3143 24.7 9.4
2926 2635 97.3 16.4
2635 2926 97.3 13.1
2358 3146 55.8 12.9
3146 2358 55.8 16.2
3063 3147 127.4 20.2
3147 3063 127.4 23.5
3063 2986 89.8 19.0
2986 3063 89.8 15.7
3150 3151 66.3 9.5
3151 3150 66.3 9.5
3155 3156 742.1 69.3
3156 3155 764.8 62.3
3167 3168 345.7 49.8
3168 3167 345.7 49.8
2603 3169 0.0 0.0
3169 2603 0.0 0.0
3178 3179 247.2 35.7
3179 3178 247.2 35.7
3184 3180 461.1 68.4
3180 3184 461.1 71.8
3185 3186 301.8 43.6
3186 3185 301.8 43.6
3188 3184 663.2 95.4
3184 3188 663.2 95.4
3188 3189 522.0 75.5
3189 3188 522.0 76.8
3190 3188 372.6 53.7
3188 3190 372.6 53.7
3192 3193 1034.5 374.0
3193 3192 1034.5 372.7
3197 3198 818.0 294.3
3198 3197 818.0 294.3
3199 3196 2004.1 727.5
3196 3199 2004.1 733.6
3206 3207 691.5 99.7
3207 3206 691.5 99.7
3209 3200 1823.0 656.5
3200 3209 1823.0 656.5
3216 3217 27.3 7.5
3217 3216 27.3 10.4
3218 3208 1412.9 212.5
3208 3218 1412.9 209.4
2603 3219 320.5 47.2
3219 2603 320.5 49.7
3221 3218 758.5 120.1
3218 3221 758.5 120.4
3226 3223 569.0 204.9
3223 3226 569.0 204.9
3227 3222 586.1 214.6
3222 3227 586.1 212.2
3227 3225 1940.8 709.6
3225 3227 1940.8 706.0
3229 3224 893.3 321.4
3224 3229 893.3 321.4
3232 3228 1895.2 682.3
3228 3232 1895.2 682.3
3233 3228 943.7 339.7
3228 3233 943.7 339.7
3234 3235 1653.8 595.5
3235 3234 1653.8 595.5
3237 3238 11.6 1.7
3238 3237 11.6 1.7
3173 3167 684.3 98.4
3167 3173 684.3 98.4
3170 2610 365.0 53.3
2610 3170 365.0 55.0
3248 3170 460.5 66.2
3170 3248 460.5 66.2
3164 3249 70.0 16.8
3249 3164 70.0 16.8
3250 3251 229.6 36.4
3251 3250 229.6 39.5
3252 3253 228.9 33.1
3253 3252 228.9 33.1
3181 3255 160.9 23.1
3255 3181 160.9 23.2
3189 3182 143.3 23.9
3182 3189 143.3 26.9
3239 3206 238.2 34.3
3206 3239 238.2 34.3
2916 3263 400.3 62.8
3263 2916 400.3 59.5
3264 3265 786.4 71.2
3265 3264 76.8 4.0
3271 3272 331.7 77.6
3272 3271 331.7 72.6
3243 3215 1695.2 244.3
3215 3243 1695.2 244.3
3275 3236 713.8 102.6
3236 3275 713.8 102.6
3275 3276 479.1 138.5
3276 3275 479.1 143.3
3177 3175 1539.5 221.8
3175 3177 1539.5 221.8
3176 3245 15.4 2.2
3245 3176 15.4 2.2
3285 3286 663.6 238.9
3286 3285 663.6 238.9
3284 3285 601.5 216.5
3285 3284 601.5 216.5
3287 3288 757.9 272.8
3288 3287 757.9 272.8
3289 3290 430.2 154.8
3290 3289 430.2 154.8
3198 3291 680.4 244.9
3291 3198 680.4 245.4
3263 3096 601.0 86.5
3096 3263 601.0 86.5
3294 3193 996.2 358.6
3193 3294 996.2 358.6
3295 3192 1625.2 586.5
3192 3295 1625.2 585.3
3297 3298 86.6 31.3
3298 3297 86.6 31.3
3296 3301 354.2 51.0
3301 3296 354.2 51.0
3310 3311 315.8 113.6
3311 3310 315.8 113.6
3320 3321 277.2 39.9
3321 3320 277.2 39.9
3322 3323 668.2 102.3
3323 3322 668.2 101.2
3325 3326 86.4 7.7
3326 3325 86.4 7.7
3329 3325 290.1 42.6
3325 3329 216.0 18.9
3329 3330 150.7 29.3
3330 3329 76.6 19.4
3336 3337 237.1 34.0
3337 3336 237.1 34.0
3337 3335 1327.5 191.4
3335 3337 1327.5 191.4
3341 3342 405.5 58.5
3342 3341 405.5 58.5
3343 3338 1317.6 106.4
3338 3343 596.2 30.4
3346 3344 1276.4 183.8
3344 3346 1276.4 183.8
3347 3346 334.1 65.4
3346 3347 334.1 58.8
3350 3351 205.7 32.5
3351 3350 205.7 30.4
3357 3358 911.4 151.3
3358 3357 911.4 151.7
3363 3357 1246.8 192.3
3357 3363 1246.8 192.5
3364 3365 1110.3 72.4
3365 3364 406.2 17.6
3366 3364 388.9 41.6
3364 3366 150.8 6.5
3368 3361 1142.9 409.8
3361 3368 1142.9 408.3
3369 3370 172.6 26.4
3370 3369 172.6 29.5
3371 3372 1662.0 230.2
3372 3371 1662.0 218.8
3277 3373 667.9 96.2
3373 3277 667.9 96.2
3376 3377 157.6 22.6
3377 3376 157.6 22.6
3384 2483 516.1 59.7
2483 3384 38.3 4.6
3388 3389 786.8 283.2
3389 3388 786.8 283.2
3388 3369 879.2 132.5
3369 3388 879.2 139.1
3392 3384 1635.9 147.7
3384 3392 1124.6 92.7
3396 3395 18412.8 822.1
3395 3396 160.3 12.3
3398 3396 530.8 68.6
3396 3398 11239.3 560.2
3399 3400 685.1 246.6
3400 3399 685.1 246.6
3402 3403 668.9 96.3
3403 3402 668.9 96.3
3406 3407 17985.9 810.9
3407 3406 587.2 23.5
3409 3410 125.8 6.6
3410 3409 125.8 6.6
3415 3409 53.6 4.7
3409 3415 367.0 42.2
3427 3428 196.7 10.2
3428 3427 18376.4 824.2
3151 2283 119.5 22.4
2283 3151 119.5 19.1
3430 3431 187.6 7.5
3431 3430 18385.5 826.9
3435 3406 4172.7 219.1
3406 3435 17082.1 817.7
3437 3438 18771.7 900.6
3438 3437 1656.3 168.8
3440 3439 670.8 96.8
3439 3440 670.8 96.8
3122 3444 191.3 23.1
3444 3122 1838.4 146.2
3447 3445 192.0 23.2
3445 3447 192.0 19.9
3448 3439 381.4 57.2
3439 3448 381.4 60.5
3451 3452 110.2 15.8
3452 3451 110.2 18.9
3455 3456 85.2 17.6
3456 3455 85.2 14.3
3460 3461 54.2 7.8
3461 3460 54.2 7.8
3462 3460 84.4 14.3
3460 3462 84.4 17.6
3463 3460 124.3 17.8
3460 3463 124.3 17.8
3466 3459 484.4 67.7
3459 3466 484.4 70.9
3470 3468 83.4 12.0
3468 3470 262.6 76.0
3470 3467 568.5 101.8
3467 3470 97.8 14.1
3473 3122 6184.2 566.0
3122 3473 5173.0 473.1
3474 3475 403.4 58.1
3475 3474 403.4 58.1
3480 3481 438.1 60.9
3481 3480 437.7 57.7
3482 3477 46.7 8.0
3477 3482 46.7 4.7
3484 3476 404.2 72.9
3476 3484 404.2 76.1
3491 3484 1359.7 133.9
3484 3491 1359.7 126.0
3493 3494 47.7 6.8
3494 3493 47.7 6.8
2484 3495 2491.1 257.3
3495 2484 2613.2 276.6
2496 3496 1586.7 217.7
3496 2496 1813.8 246.4
3438 3428 1904.3 135.2
3428 3438 16668.8 699.2
3425 3293 80.3 11.5
3293 3425 80.3 11.5
3500 3320 755.8 108.8
3320 3500 755.8 108.8
3501 3498 504.4 76.2
3498 3501 504.4 79.5
3504 3347 1692.4 246.4
3347 3504 1736.3 241.5
3355 3505 1175.4 169.4
3505 3355 1175.4 169.4
3507 3508 3072.7 837.9
3508 3507 3072.6 839.7
3401 3398 165.2 13.0
3398 3401 11162.3 555.3
3511 3512 143.7 5.7
3512 3511 18429.4 828.7
3431 3513 3766.3 209.6
3513 3431 14806.8 624.8
3418 3417 561.9 28.5
3417 3418 561.9 28.5
3514 3459 576.6 29.7
3459 3514 576.6 29.7
3515 3433 714.9 36.4
3433 3515 714.9 36.4
3403 3516 1273.0 182.9
3516 3403 1273.0 182.9
3458 3519 237.7 34.2
3519 3458 237.7 34.2
3526 3476 66.4 3.9
3476 3526 66.4 3.9
3381 3504 5151.5 510.3
3504 3381 5161.9 513.1
3400 3510 738.6 265.9
3510 3400 738.6 265.9
3531 3501 190.4 27.6
3501 3531 190.4 27.6
3271 3532 61.0 16.7
3532 3271 61.0 13.4
3468 3534 230.9 40.1
3534 3468 330.2 61.8
3537 3538 8033.5 453.7
3538 3537 3915.6 268.0
3450 3515 848.2 43.0
3515 3450 848.2 43.0
3450 3542 404.7 57.3
3542 3450 404.7 58.5
3543 3545 499.3 72.0
3545 3543 499.3 72.0
3412 3512 13824.8 999.4
3512 3412 13927.7 961.5
3552 3388 422.5 64.0
3388 3552 422.5 67.3
3553 3366 2402.9 125.6
3366 3553 2071.7 99.7
3554 3553 13.7 0.7
3553 3554 13.7 0.7
3529 3553 1155.6 59.1
3553 3529 1155.6 59.1
3559 3560 1579.8 262.9
3560 3559 1579.8 250.2
3567 3568 252.7 36.1
3568 3567 252.7 36.1
2989 3570 0.0 0.0
3570 2989 0.0 0.0
3576 3573 416.5 149.9
3573 3576 416.5 149.9
3577 3578 382.0 54.9
3578 3577 382.0 54.9
3581 3523 205.7 31.3
3523 3581 205.7 30.0
3582 3580 973.8 146.7
3580 3582 973.8 145.3
3584 3582 1301.0 464.0
3582 3584 1301.0 464.8
3578 3586 1076.5 155.0
3586 3578 1076.5 155.0
3589 3587 417.5 152.9
3587 3589 417.5 156.2
3591 3587 2596.9 940.4
3587 3591 2596.9 938.3
3591 3592 248.8 35.9
3592 3591 248.8 35.9
3593 3594 647.2 232.6
3594 3593 647.2 233.6
3598 3599 871.7 313.8
3599 3598 871.7 313.8
3600 3598 1064.9 383.4
3598 3600 1064.9 383.4
3425 3604 17427.6 833.7
3604 3425 2175.5 159.7
3607 3608 1127.8 162.3
3608 3607 1127.8 162.3
3612 3611 10648.0 719.4
3611 3612 12086.4 851.9
3615 3614 21.5 3.1
3614 3615 21.5 3.1
3434 3623 410.9 36.9
3623 3434 410.9 36.9
3624 3434 424.3 38.2
3434 3624 424.3 38.2
3361 3597 445.8 164.9
3597 3361 445.8 162.1
3591 3630 271.9 39.1
3630 3591 271.9 39.1
3633 3634 12.7 1.8
3634 3633 12.7 1.8
3612 3613 106.8 9.6
3613 3612 106.8 9.6
3638 3639 1734.9 250.0
3639 3638 1734.9 250.0
3643 3631 533.1 21.4
3631 3643 11552.6 578.2
3572 3646 811.0 293.2
3646 3572 811.0 295.9
3647 3648 541.8 194.7
3648 3647 541.8 194.7
3649 3650 1017.7 146.5
3650 3649 1017.7 146.5
3217 3651 284.1 40.8
3651 3217 284.1 40.8
3588 3583 469.0 168.8
3583 3588 469.0 168.8
3599 3389 799.9 288.0
3389 3599 799.9 288.0
3655 3609 400.6 65.1
3609 3655 400.6 64.3
3656 2982 59.1 15.9
2982 3656 59.1 15.6
3659 3660 41.1 3.7
3660 3659 1627.0 168.8
3658 3663 497.2 71.5
3663 3658 497.2 71.5
3654 3657 803.5 192.8
3657 3654 803.5 192.8
3623 3666 907.7 125.4
3666 3623 907.7 122.2
3670 3671 259.7 27.4
3671 3670 259.7 30.7
3675 3676 62.3 9.0
3676 3675 62.3 9.0
3574 3571 386.2 144.9
3571 3574 386.2 146.3
3619 3613 6469.1 520.3
3613 3619 15282.3 952.1
3681 3660 774.7 96.8
3660 3681 2299.5 253.6
3684 3308 483.5 179.9
3308 3684 483.5 176.7
3684 3683 233.3 84.0
3683 3684 233.3 84.0
3685 3684 231.0 95.3
3684 3685 231.0 90.9
3685 3683 305.6 110.1
3683 3685 305.6 110.0
3690 3691 393.6 56.9
3691 3690 393.6 56.9
3568 3698 32.8 4.8
3698 3568 32.8 4.8
3708 3706 359.1 31.7
3706 3708 359.1 30.5
3709 3710 153.9 49.3
3710 3709 153.9 48.9
3715 3709 549.5 104.1
3709 3715 549.5 103.8
3716 3714 731.6 105.5
3714 3716 731.6 105.5
3720 3718 478.0 24.3
3718 3720 478.0 24.3
3722 3714 8977.8 922.2
3714 3722 8977.8 913.5
3723 3724 801.3 72.1
3724 3723 801.3 72.1
3728 3729 1112.0 407.8
3729 3728 1112.0 407.1
3737 3738 11965.7 593.0
3738 3737 120.0 6.6
3739 3740 283.6 41.0
3740 3739 283.6 40.8
3744 3745 1795.3 178.2
3745 3744 1795.3 187.2
3746 3747 166.0 24.5
3747 3746 166.0 27.8
3753 3754 34.3 4.9
3754 3753 34.3 4.9
3697 3694 1107.2 65.7
3694 3697 1107.2 62.7
3697 3760 284.2 85.9
3760 3697 284.2 88.8
3760 3761 838.2 309.1
3761 3760 838.2 308.7
3763 3764 47.7 5.4
3764 3763 47.7 5.4
3690 3693 351.8 50.6
3693 3690 351.8 50.6
3767 3689 1114.1 400.9
3689 3767 1114.1 401.0
3767 3768 823.9 302.5
3768 3767 823.9 299.2
3771 3705 204.5 31.1
3705 3771 204.5 33.5
3707 3772 331.2 16.9
3772 3707 331.2 16.9
3707 3773 310.3 73.5
3773 3707 310.3 70.2
3774 3775 361.5 61.5
3775 3774 380.0 64.5
3777 3778 16.7 0.9
3778 3777 786.1 68.8
3779 3711 1114.0 160.5
3711 3779 1114.0 160.5
3781 3782 295.3 42.6
3782 3781 295.3 42.6
3713 3784 891.9 127.7
3784 3713 891.9 121.3
3394 3382 377.5 61.6
3382 3394 377.5 71.5
3378 3788 258.3 37.2
3788 3378 258.3 37.2
3387 3376 171.5 24.7
3376 3387 171.5 24.7
3387 3789 549.3 59.9
3789 3387 540.6 51.0
3362 3793 416.9 62.7
3793 3362 416.9 67.7
3362 3794 1834.6 243.4
3794 3362 1825.9 237.9
3731 3796 281.3 41.4
3796 3731 281.3 43.8
3798 3799 220.4 31.8
3799 3798 220.4 31.8
3801 3798 595.6 95.5
3798 3801 595.6 89.3
3796 3803 1230.7 180.3
3803 3796 1230.7 177.9
3724 3719 653.1 67.9
3719 3724 653.1 64.9
3804 3723 112.1 13.0
3723 3804 112.1 16.1
3807 3808 289.3 41.7
3808 3807 289.3 41.7
2982 3781 144.1 20.7
3781 2982 144.1 20.7
3816 3817 20.6 5.0
3817 3816 20.6 5.0
3819 3820 519.5 26.4
3820 3819 519.5 26.4
3829 3827 129.4 20.8
3827 3829 129.4 24.1
3783 3710 688.1 247.9
3710 3783 688.1 247.9
3729 3726 379.8 136.7
3726 3729 379.8 136.6
3832 3833 373.9 79.1
3833 3832 373.9 82.4
3834 3832 74.7 17.9
3832 3834 74.7 17.9
3834 3836 225.4 50.5
3836 3834 225.4 53.8
3840 3841 720.0 52.3
3841 3840 720.0 51.9
3846 3840 1189.0 68.6
3840 3846 1189.0 68.5
3848 3846 61.3 8.3
3846 3848 61.3 5.0
3849 3850 467.3 169.7
3850 3849 467.3 173.2
3851 3852 1072.0 386.0
3852 3851 1072.0 386.0
3863 3864 532.4 83.1
3864 3863 532.4 80.5
3865 3866 282.4 39.6
3866 3865 282.4 42.9
3868 3867 22.7 3.3
3867 3868 22.7 3.3
3869 3838 596.6 211.4
3838 3869 596.6 213.6
3872 3873 14.4 5.2
3873 3872 14.4 5.2
3854 3875 640.9 46.0
3875 3854 640.9 42.5
3874 3876 461.5 166.2
3876 3874 461.5 166.2
3874 3877 1960.4 705.9
3877 3874 1960.4 705.9
3848 3878 535.4 184.5
3878 3848 535.4 185.4
3868 3880 1026.5 154.1
3880 3868 1049.9 158.9
3877 3881 322.1 115.9
3881 3877 322.1 115.9
3882 3883 1182.3 73.3
3883 3882 1182.3 73.3
3885 3886 452.2 68.8
3886 3885 452.2 65.9
3886 3887 1367.3 131.3
3887 3886 1367.3 137.5
3873 3870 100.5 36.1
3870 3873 100.5 36.1
3873 3888 492.4 178.6
3888 3873 492.4 177.5
3852 3845 1690.4 615.4
3845 3852 1690.4 613.6
3871 3847 442.8 164.8
3847 3871 442.8 161.3
3852 3871 1114.6 406.9
3871 3852 1114.6 403.4
3842 3890 295.0 106.2
3890 3842 295.0 106.2
3843 3869 21.2 7.6
3869 3843 21.2 7.6
3842 3843 1044.9 376.4
3843 3842 1044.9 377.2
3841 3838 2370.9 120.7
3838 3841 2370.9 120.7
3492 3898 699.9 91.3
3898 3492 1888.4 216.6
3899 3900 155.0 22.4
3900 3899 155.0 22.4
3490 3780 456.0 71.2
3780 3490 456.0 67.9
3904 3905 9.9 0.9
3905 3904 9.9 0.9
3907 3517 218.7 35.2
3517 3907 218.7 38.1
3908 3904 210.1 21.3
3904 3908 210.1 24.6
3909 3550 264.1 42.0
3550 3909 264.1 48.6
3911 3909 266.5 42.4
3909 3911 266.5 49.0
3912 3911 116.3 16.8
3911 3912 116.3 16.8
3913 3914 230.5 37.4
3914 3913 230.5 44.0
3915 3910 257.0 27.5
3910 3915 257.0 20.9
3915 3916 28.4 4.1
3916 3915 28.4 4.1
3920 3921 737.2 70.6
3921 3920 737.2 77.2
3927 3928 35.0 3.1
3928 3927 35.0 3.1
3927 3915 182.4 23.0
3915 3927 182.4 16.4
3929 3930 101.7 9.1
3930 3929 101.7 9.1
3941 3935 421.4 73.6
3935 3941 421.4 73.6
3943 3944 104.2 25.0
3944 3943 104.2 25.0
3945 3943 134.2 24.5
3943 3945 134.2 27.6
3946 3947 95.9 8.5
3947 3946 95.9 8.5
3948 3949 837.2 121.5
3949 3948 837.2 124.8
3950 3951 378.5 60.1
3951 3950 378.5 56.8
3954 3953 189.3 32.8
3953 3954 189.3 29.5
3955 3956 130.8 11.7
3956 3955 130.8 11.7
3960 3961 607.5 59.1
3961 3960 607.5 62.4
3970 3968 208.5 22.3
3968 3970 868.7 69.8
3971 3972 47.6 6.8
3972 3971 47.6 6.8
3974 3970 1206.2 81.2
3970 3974 1796.3 123.4
3977 3976 311.9 28.1
3976 3977 311.9 28.1
3978 3977 454.8 52.9
3977 3978 454.8 55.3
3978 3976 142.9 24.8
3976 3978 142.9 27.2
3981 3982 368.0 33.1
3982 3981 368.0 33.1
3967 3983 64.2 11.3
3983 3967 64.2 8.2
3985 3978 198.7 28.7
3978 3985 198.7 28.7
3990 3989 414.7 59.7
3989 3990 414.7 59.7
3995 3996 48.3 4.2
3996 3995 48.3 4.2
3997 3995 445.5 67.2
3995 3997 445.5 73.8
3998 3997 193.1 27.9
3997 3998 193.1 27.9
4002 4003 546.0 123.2
4003 4002 546.0 119.9
4011 4012 287.3 18.9
4012 4011 287.3 18.9
4013 2850 68.1 10.3
2850 4013 68.1 7.1
4014 4013 69.1 11.1
4013 4014 109.2 15.2
4020 4021 693.2 65.2
4021 4020 693.2 68.5
4023 4024 196.9 28.3
4024 4023 196.9 28.3
4023 4010 824.7 122.8
4010 4023 824.7 129.4
4025 4026 2370.9 227.4
4026 4025 2346.9 208.4
4032 4033 406.5 60.6
4033 4032 406.5 63.9
4037 4038 0.0 0.0
4038 4037 0.0 0.0
4041 4042 1224.3 201.0
4042 4041 1224.3 200.3
4044 4045 279.9 41.6
4045 4044 279.9 44.9
4053 4054 236.8 20.4
4054 4053 236.8 27.0
4057 4055 419.2 37.8
4055 4057 419.2 37.8
4058 4059 185.6 22.1
4059 4058 185.6 18.9
4060 4058 12.6 1.8
4058 4060 12.6 1.8
4061 4060 748.5 73.6
4060 4061 748.5 70.3
4062 4063 511.7 77.1
4063 4062 511.7 73.8
4065 4066 58.7 14.3
4066 4065 58.7 14.3
4069 4070 400.1 57.6
4070 4069 400.1 57.6
4074 4075 400.4 28.5
4075 4074 400.4 28.9
4081 4082 225.5 32.5
4082 4081 225.5 32.6
4086 4087 84.9 12.6
4087 4086 84.9 12.3
4014 2850 88.3 12.7
2850 4014 88.3 12.7
4092 3917 26.0 5.6
3917 4092 26.0 8.9
4093 4094 88.6 4.6
4094 4093 88.6 4.6
4097 4098 129.5 11.6
4098 4097 129.5 11.6
4099 3946 381.9 37.9
3946 4099 438.3 41.8
4100 3979 354.4 32.0
3979 4100 354.4 32.0
4104 4105 124.5 17.9
4105 4104 124.5 17.9
4103 4026 412.7 27.2
4026 4103 412.7 27.2
4063 4107 151.0 29.1
4107 4063 151.0 28.6
4076 4112 87.1 12.5
4112 4076 87.1 12.5
3905 3902 53.7 4.9
3902 3905 53.7 4.9
3949 4092 796.5 117.0
4092 3949 796.5 120.3
3982 3980 226.7 20.4
3980 3982 226.7 20.4
4114 4115 127.4 18.2
4115 4114 127.4 18.2
4116 3844 427.5 63.3
3844 4116 427.5 66.6
4117 4116 113.2 16.3
4116 4117 113.2 16.3
4077 4122 575.4 54.2
4122 4077 575.4 57.5
4124 4125 115.1 33.6
4125 4124 115.1 30.5
4130 4131 19.2 1.3
4131 4130 19.2 1.3
4133 3940 141.0 20.3
3940 4133 141.0 20.3
3940 4134 507.0 77.6
4134 3940 507.0 77.7
2623 4041 418.5 37.5
4041 2623 418.5 37.5
3947 3945 158.3 14.4
3945 3947 158.3 14.4
3969 4137 323.1 57.1
4137 3969 323.1 50.5
4139 4140 6.6 0.8
4140 4139 6.6 0.8
3906 3903 164.5 25.8
3903 3906 164.5 29.1
3929 4151 124.8 21.6
4151 3929 124.8 18.3
4152 3629 892.4 87.0
3629 4152 892.4 92.2
4095 4149 120.3 13.9
4149 4095 120.3 17.2
4155 4156 291.3 40.9
4156 4155 291.3 40.9
4155 3671 847.1 87.3
3671 4155 847.1 80.7
4158 4154 1051.9 97.8
4154 4158 1051.9 101.1
4162 4163 387.1 64.3
4163 4162 387.1 57.9
4164 4165 798.2 119.9
4165 4164 798.2 116.6
4166 4167 1196.9 172.4
4167 4166 1196.9 172.4
4169 4170 515.2 48.3
4170 4169 515.2 51.6
4177 4175 57.5 7.2
4175 4177 57.5 10.5
4178 4179 82.7 10.0
4179 4178 82.7 7.3
4180 4181 171.9 24.7
4181 4180 171.9 24.7
4187 4186 52.3 12.6
4186 4187 52.3 9.3
4187 4188 447.0 64.4
4188 4187 447.0 64.4
4192 4193 251.6 38.0
4193 4192 251.6 41.3
4194 4195 517.0 77.0
4195 4194 517.0 80.2
4196 4192 163.3 24.5
4192 4196 163.3 27.0
4197 4194 796.7 114.6
4194 4197 796.7 114.6
2704 4200 395.3 49.4
4200 2704 395.3 46.1
4205 4206 126.0 16.5
4206 4205 158.9 41.3
4211 4212 492.6 65.0
4212 4211 1175.8 142.6
4217 4218 116.5 6.0
4218 4217 116.5 6.0
4208 4204 426.2 26.7
4204 4208 426.2 29.9
4219 4220 80.8 11.7
4220 4219 80.8 11.7
4221 4222 639.6 97.3
4222 4221 639.6 94.1
4226 4227 185.4 26.6
4227 4226 185.4 26.6
4239 4236 127.3 11.9
4236 4239 459.0 56.5
4240 4238 437.5 65.4
4238 4240 134.1 12.5
4240 4241 190.4 39.9
4241 4240 152.0 34.9
4242 4243 2.1 0.3
4243 4242 2.1 0.3
4245 4242 161.8 25.3
4242 4245 161.8 28.5
4251 4252 76.9 11.1
4252 4251 76.9 11.1
4255 4023 8.6 1.3
4023 4255 8.6 1.3
3961 4099 491.9 48.8
4099 3961 491.9 52.2
4258 4259 9.7 1.4
4259 4258 9.7 1.4
4265 4266 110.0 15.7
4266 4265 110.0 15.7
4268 4269 241.0 39.0
4269 4268 241.0 45.6
4270 4271 1027.1 148.1
4271 4270 1027.1 148.1
4272 4268 255.5 39.1
4268 4272 255.5 45.7
4273 4272 99.1 6.4
4272 4273 99.1 6.4
4275 4276 226.0 14.7
4276 4275 226.0 14.7
4279 4280 149.2 16.6
4280 4279 149.2 19.9
4282 4283 118.4 16.9
4283 4282 118.4 16.9
4018 4287 133.5 20.5
4287 4018 133.5 23.8
4298 4299 3943.6 287.7
4299 4298 1710.0 155.6
4300 4301 252.4 44.5
4301 4300 252.4 43.7
4302 4299 701.1 63.1
4299 4302 701.1 63.1
4303 4304 470.8 45.4
4304 4303 470.8 48.7
4307 4308 136.2 19.6
4308 4307 136.2 19.7
4311 4312 17.2 2.5
4312 4311 17.2 2.5
4317 4310 825.1 120.8
4310 4317 825.1 124.1
4319 4320 310.5 44.7
4320 4319 310.5 44.7
4325 4317 130.8 18.8
4317 4325 130.8 18.8
4331 4332 135.7 18.4
4332 4331 135.7 24.2
4210 4333 44.0 8.6
4333 4210 44.0 11.9
4338 4339 343.2 31.1
4339 4338 343.2 31.1
4341 4164 67.5 6.1
4164 4341 67.5 6.1
4181 4342 245.5 35.4
4342 4181 245.5 35.4
4171 4336 295.8 42.7
4336 4171 295.8 42.7
4346 4192 442.1 65.8
4192 4346 442.1 69.1
4349 4198 250.0 17.7
4198 4349 250.0 21.0
4209 4361 390.0 53.9
4361 4209 390.0 54.2
4363 4274 259.9 39.6
4274 4363 259.9 33.2
4368 4369 63.2 9.0
4369 4368 63.2 9.0
4370 4351 773.0 111.5
4351 4370 773.0 111.5
4370 4371 299.5 45.5
4371 4370 299.5 48.8
4288 4270 605.1 89.4
4270 4288 605.1 92.7
4374 4297 419.2 45.7
4297 4374 439.2 43.3
4375 4376 152.3 26.2
4376 4375 152.3 23.0
4376 4377 151.6 35.5
4377 4376 151.6 32.4
4324 4313 4019.5 595.5
4313 4324 4019.5 585.6
4329 4378 240.3 21.7
4378 4329 240.3 21.7
4380 4381 361.6 53.7
4381 4380 361.6 56.8
4165 4380 772.2 111.2
4380 4165 772.2 111.2
4168 4341 350.2 34.0
4341 4168 350.2 37.3
4385 4383 541.6 78.0
4383 4385 541.6 78.0
4389 4388 186.4 16.7
4388 4389 186.4 16.7
4389 4390 186.5 28.4
4390 4389 186.5 31.5
4396 4397 338.4 30.4
4397 4396 338.4 30.4
4398 4399 209.6 44.2
4399 4398 111.2 20.5
4404 4403 298.6 53.3
4403 4404 437.0 106.5
4405 4406 100.2 24.7
4406 4405 100.2 23.9
4414 4411 137.0 21.7
4411 4414 137.0 25.0
4412 4413 168.2 24.3
4413 4412 168.2 24.3
4417 4418 1039.8 171.3
4418 4417 1039.8 158.1
4264 4419 70.4 15.5
4419 4264 70.4 12.2
4280 4421 157.2 29.3
4421 4280 157.2 29.2
4424 4425 379.4 46.3
4425 4424 364.3 41.4
4337 4427 35.0 3.2
4427 4337 35.0 3.2
4337 4427 35.0 3.2
4427 4337 35.0 3.2
4429 4430 391.6 42.2
4430 4429 391.6 38.9
4320 4325 359.0 51.9
4325 4320 359.0 51.9
4325 4320 359.0 51.9
4320 4325 359.0 51.9
4431 4432 19.5 1.7
4432 4431 19.5 1.7
4436 4437 98.5 14.2
4437 4436 98.5 14.2
4437 4316 105.2 15.1
4316 4437 105.2 15.1
4436 4437 98.5 14.2
4437 4436 98.5 14.2
4438 4439 42.0 8.3
4439 4438 42.0 11.6
4439 4441 43.0 7.9
4441 4439 43.0 11.0
4442 4357 89.6 4.6
4357 4442 89.6 4.6
4442 4443 0.6 0.0
4443 4442 0.6 0.0
4443 4444 225.2 28.7
4444 4443 225.2 25.4
4445 4374 88.3 13.5
4374 4445 217.1 33.9
4447 4323 400.0 35.9
4323 4447 400.0 35.9
4354 4453 264.8 44.6
4453 4354 264.8 51.2
4454 4455 192.8 69.5
4455 4454 192.8 69.5
4328 4454 1035.3 366.5
4454 4328 1035.3 363.2
4283 4287 230.4 43.9
4287 4283 230.4 37.4
4458 4283 155.7 27.8
4283 4458 155.7 24.5
4269 4265 99.1 14.5
4265 4269 99.1 14.5
4269 4459 79.6 13.4
4459 4269 79.6 16.7
4268 4460 76.7 13.1
4460 4268 76.7 16.3
4462 4456 0.1 0.0
4456 4462 0.1 0.0
4465 4273 155.4 10.2
4273 4465 155.4 10.2
4276 4465 48.3 3.2
4465 4276 48.3 3.2
4278 4466 279.3 31.5
4466 4278 279.3 28.9
4278 4467 123.0 17.7
4467 4278 123.0 17.7
4277 4468 276.4 58.3
4468 4277 276.4 61.5
4245 4471 238.8 35.4
4471 4245 207.7 31.2
4471 4475 240.4 35.4
4475 4471 206.2 31.1
3483 4477 81.8 11.7
4477 3483 81.8 11.7
4237 4479 61.4 15.9
4479 4237 61.4 15.9
4243 4240 148.1 23.0
4240 4243 192.9 27.5
4476 4243 115.5 25.3
4243 4476 115.5 25.4
4478 4237 0.1 0.0
4237 4478 0.1 0.0
4480 4235 120.0 17.2
4235 4480 120.0 17.2
4244 4234 114.4 14.5
4234 4244 114.4 17.8
4244 4482 406.3 62.7
4482 4244 406.3 59.4
4483 4362 14.8 2.1
4362 4483 14.8 2.1
4231 4233 184.0 30.3
4233 4231 184.0 36.7
4228 4226 105.2 19.7
4226 4228 105.2 22.0
4232 4226 124.0 17.8
4226 4232 124.0 17.8
4226 4485 186.5 27.5
4485 4226 186.5 29.4
4232 4486 90.1 18.5
4486 4232 90.1 22.2
4487 4488 64.2 9.3
4488 4487 64.2 9.3
4485 4487 207.0 38.1
4487 4485 207.0 32.4
4489 4490 114.8 16.5
4490 4489 114.8 16.5
4212 4493 247.2 49.9
4493 4212 247.2 59.9
4199 4495 428.3 38.6
4495 4199 428.3 38.6
4190 4496 6.6 0.4
4496 4190 6.6 0.4
4161 4500 92.7 16.4
4500 4161 92.7 13.1
4501 4502 170.4 24.6
4502 4501 170.4 24.6
4178 4503 422.0 61.0
4503 4178 422.0 61.0
4336 4507 77.4 15.2
4507 4336 77.4 12.3
4507 4505 68.8 10.0
4505 4507 68.8 10.0
4510 4509 69.6 10.2
4509 4510 69.6 10.2
4359 4513 191.8 17.3
4513 4359 191.8 17.3
4359 4514 148.0 28.0
4514 4359 148.0 23.5
4160 4153 20.0 1.8
4153 4160 20.0 1.8
4160 4515 67.3 10.6
4515 4160 67.3 12.7
4520 4521 76.5 10.9
4521 4520 76.5 10.9
4143 4524 372.8 68.3
4524 4143 372.8 77.9
4522 4525 111.7 18.1
4525 4522 111.7 21.4
4525 4513 99.8 15.7
4513 4525 99.8 19.0
4525 4514 144.9 26.4
4514 4525 144.9 23.1
4205 4528 902.6 96.6
4528 4205 307.4 41.9
4528 4529 446.2 36.1
4529 4528 574.2 70.3
4530 4531 192.9 32.9
4531 4530 192.9 26.2
4489 4232 109.4 15.8
4232 4489 109.4 15.8
4024 4114 223.4 32.2
4114 4024 223.4 32.2
4539 4526 80.4 11.6
4526 4539 80.4 11.6
4540 4541 362.9 57.5
4541 4540 362.9 54.2
4540 4543 480.4 73.2
4543 4540 480.4 79.8
4544 4545 505.4 25.4
4545 4544 505.4 25.4
4546 4547 2759.6 993.6
4547 4546 2759.6 993.6
4553 4554 0.0 0.0
4554 4553 0.0 0.0
4558 4559 217.2 31.1
4559 4558 217.2 31.1
4548 4557 818.2 117.9
4557 4548 818.2 117.9
4561 4548 732.9 105.5
4548 4561 732.9 105.5
4558 4562 176.9 30.8
4562 4558 176.9 27.5
4563 4558 502.0 104.1
4558 4563 502.0 104.1
4567 4568 931.3 172.5
4568 4567 931.3 169.1
4574 4575 1184.3 60.1
4575 4574 1184.3 60.1
4579 4580 555.2 82.9
4580 4579 555.2 86.2
4584 4585 175.5 31.3
4585 4584 175.5 31.1
4590 4313 398.4 62.6
4313 4590 398.4 59.3
4593 4594 204.2 31.9
4594 4593 204.2 35.2
4543 4596 5.0 0.8
4596 4543 5.0 0.8
4382 4601 152.1 21.9
4601 4382 152.1 21.9
4605 4569 220.8 14.4
4569 4605 220.8 17.6
4598 4608 469.7 24.0
4608 4598 469.7 24.0
4609 4610 124.8 19.9
4610 4609 124.8 23.2
4617 4422 3902.4 406.4
4422 4617 3808.3 392.1
4602 4619 411.1 59.2
4619 4602 411.1 59.2
4619 4614 158.2 22.7
4614 4619 158.2 22.7
4621 4602 53.3 7.8
4602 4621 53.3 7.8
4620 4621 1838.3 547.9
4621 4620 1838.3 544.7
4622 4623 1216.1 61.9
4623 4622 1216.1 61.9
4293 4289 1513.7 217.9
4289 4293 1513.7 217.9
4625 4626 58.7 8.5
4626 4625 58.7 8.5
4534 4625 139.8 20.1
4625 4534 139.8 20.1
4453 4295 206.8 44.8
4295 4453 206.8 48.1
4547 4631 468.0 171.0
4631 4547 468.0 174.3
4547 4632 1941.3 706.2
4632 4547 1941.3 706.4
4632 4633 2530.3 911.0
4633 4632 2530.3 911.0
4364 4634 56.0 5.1
4634 4364 56.0 5.1
4634 4637 49.2 4.4
4637 4634 49.2 4.4
4607 4638 560.6 66.6
4638 4607 560.6 62.9
4639 3864 725.7 37.0
3864 4639 725.7 37.0
4639 4640 97.5 4.9
4640 4639 97.5 4.9
4556 4604 132.6 26.1
4604 4556 132.6 25.5
4556 4641 251.1 12.6
4641 4556 251.1 12.6
4640 4642 122.8 6.2
4642 4640 122.8 6.2
4637 4636 49.3 4.5
4636 4637 49.3 4.5
4646 4560 292.5 42.1
4560 4646 292.5 42.1
4647 4646 366.1 58.0
4646 4647 366.1 54.7
4559 4649 175.9 27.3
4649 4559 175.9 30.6
4650 4651 79.0 3.9
4651 4650 79.0 3.9
4652 4653 74.7 16.0
4653 4652 74.7 12.7
4655 4656 691.1 101.6
4656 4655 691.1 104.9
4658 4609 90.7 13.0
4609 4658 90.7 13.0
4607 4579 285.7 14.6
4579 4607 285.7 14.6
4664 4659 179.8 9.1
4659 4664 179.8 9.1
4666 4270 366.8 52.8
4270 4666 366.8 52.8
4667 4668 2744.2 348.7
4668 4667 2744.2 341.6
4669 4670 139.2 22.4
4670 4669 139.2 25.7
4593 4677 591.9 87.8
4677 4593 591.9 91.1
4353 4658 299.6 45.2
4658 4353 299.6 48.4
4353 4594 796.2 114.6
4594 4353 796.2 114.6
4678 4679 27.9 4.0
4679 4678 27.9 4.0
4688 4689 467.0 168.1
4689 4688 467.0 168.1
4690 4691 605.6 93.0
4691 4690 605.6 89.7
4692 4693 4449.4 515.9
4693 4692 4449.4 510.1
4695 4694 261.9 94.3
4694 4695 261.9 94.3
4696 4694 2850.1 722.1
4694 4696 2850.1 719.3
4699 4700 2906.2 1052.3
4700 4699 2906.2 1049.1
4702 4703 108.7 47.1
4703 4702 93.3 14.8
4704 4705 1283.9 51.3
4705 4704 59101.8 2469.5
4723 4724 0.0 0.0
4724 4723 0.0 0.0
4725 4726 494.4 55.1
4726 4725 494.4 54.9
4727 4728 66.1 9.4
4728 4727 66.1 9.4
4730 4731 199.1 28.6
4731 4730 199.1 28.6
4670 4735 218.0 31.5
4735 4670 218.0 31.5
4690 4686 438.0 70.6
4686 4690 438.0 70.0
4738 4688 694.0 51.3
4688 4738 694.0 57.7
4667 4721 576.1 144.9
4721 4667 576.1 141.3
4711 4741 1160.9 167.1
4741 4711 1160.9 167.2
4744 4745 1044.6 253.5
4745 4744 1044.6 257.8
4746 4747 24.2 3.4
4747 4746 24.2 3.4
4697 4753 1787.8 294.0
4753 4697 1787.8 290.8
4697 4754 245.7 72.0
4754 4697 245.7 68.8
4755 4756 68.3 9.8
4756 4755 68.3 9.8
4709 4707 316.2 45.6
4707 4709 316.2 45.9
4759 4760 518.0 186.5
4760 4759 518.0 186.5
4760 4761 585.2 210.6
4761 4760 585.2 210.6
4741 4763 808.1 116.4
4763 4741 808.1 116.4
4763 4764 854.0 123.0
4764 4763 854.0 123.0
4764 4707 1326.0 191.1
4707 4764 1326.0 191.1
4767 4768 1972.3 295.0
4768 4767 1972.3 288.4
4772 4716 965.5 145.2
4716 4772 965.5 141.7
4773 4721 401.6 66.3
4721 4773 401.6 69.6
4714 4774 633.3 55.3
4774 4714 633.3 57.3
4713 4775 143.9 7.3
4775 4713 143.9 7.3
4775 4777 370.3 18.9
4777 4775 370.3 18.9
4779 4780 119.7 18.3
4780 4779 119.7 21.1
4762 4782 124.7 26.6
4782 4762 124.7 26.9
4710 4739 12.9 4.6
4739 4710 12.9 4.6
4710 4783 169.0 60.8
4783 4710 169.0 60.8
4788 4699 39.3 14.2
4699 4788 39.3 14.2
4787 4789 5818.7 1606.2
4789 4787 5818.7 1605.9
4789 4788 20.3 7.3
4788 4789 20.3 7.3
4753 4737 904.2 130.1
4737 4753 904.2 130.1
4753 4790 99.7 14.3
4790 4753 99.7 14.3
4687 4682 1166.3 59.1
4682 4687 1166.3 59.1
4683 4792 81.9 11.8
4792 4683 81.9 11.8
4700 4794 333.5 120.0
4794 4700 333.5 120.0
4795 4796 564.1 70.4
4796 4795 31.8 1.8
4797 4798 545.9 69.3
4798 4797 1164.9 242.6
4800 4801 39.5 2.7
4801 4800 39.5 2.7
4807 4808 257.1 38.3
4808 4807 257.1 35.2
4811 4807 200.1 14.1
4807 4811 200.1 14.1
4811 4810 1.7 0.1
4810 4811 1.7 0.1
4814 4815 174.4 25.0
4815 4814 597.2 113.3
4817 4814 3755.1 500.7
4814 4817 350.6 78.1
4819 4816 1032.3 148.6
4816 4819 1032.3 148.6
4821 4822 110.8 15.4
4822 4821 110.8 18.7
4823 4821 725.0 105.4
4821 4823 720.0 104.0
4823 4824 358.7 62.7
4824 4823 336.9 52.3
4825 4826 744.5 129.9
4826 4825 475.3 73.0
4830 4831 141.2 20.3
4831 4830 141.2 20.3
4832 4833 29.5 4.2
4833 4832 29.5 4.2
4835 4836 0.0 0.0
4836 4835 0.0 0.0
4837 4838 295.1 42.5
4838 4837 295.1 42.5
4839 4840 41.0 5.8
4840 4839 41.0 5.8
4841 4839 206.3 30.1
4839 4841 206.3 29.9
4844 4839 239.8 42.1
4839 4844 239.8 41.5
4844 4846 120.4 15.0
4846 4844 120.4 18.2
4851 4852 364.9 57.8
4852 4851 364.9 54.5
4853 4854 433.8 35.0
4854 4853 433.8 32.1
4857 4858 240.2 39.6
4858 4857 240.2 36.3
4862 4860 640.3 32.7
4860 4862 640.3 32.7
4864 4862 805.4 40.9
4862 4864 805.4 40.9
4865 4863 332.6 48.0
4863 4865 332.6 48.0
4871 4868 1234.8 119.7
4868 4871 1234.8 113.1
4873 4872 1025.3 61.3
4872 4873 1025.3 57.9
4878 4879 539.4 33.9
4879 4878 539.4 37.2
4822 4881 649.0 66.2
4881 4822 649.0 72.7
4824 4817 3206.8 394.3
4817 4824 355.1 51.2
4882 4883 50.8 4.6
4883 4882 50.8 4.6
4831 4829 839.3 122.5
4829 4831 1598.2 169.7
4869 4868 228.6 32.8
4868 4869 228.6 32.8
4891 4894 416.7 48.9
4894 4891 274.3 40.7
4870 4901 270.0 38.2
4901 4870 270.0 35.1
4910 4122 250.4 22.4
4122 4910 250.4 22.4
4912 4911 568.8 51.2
4911 4912 568.8 51.2
4913 4914 657.6 59.3
4914 4913 657.6 59.3
4916 4910 814.4 75.7
4910 4916 814.4 78.4
4917 4918 192.8 29.4
4918 4917 192.8 32.6
4920 4917 813.1 117.2
4917 4920 813.1 117.2
4924 4925 314.9 48.5
4925 4924 314.9 53.3
4931 4932 49.8 4.5
4932 4931 49.8 4.5
4933 4921 474.8 50.1
4921 4933 474.8 53.4
4934 4935 0.2 0.1
4935 4934 0.2 0.1
4938 2614 439.1 79.7
2614 4938 434.5 79.2
4941 4942 167.8 15.9
4942 4941 167.8 18.3
4945 4946 231.4 20.9
4946 4945 231.4 20.9
4949 4948 266.8 24.0
4948 4949 266.8 24.0
4955 4956 405.5 58.7
4956 4955 405.5 59.9
4962 4963 276.0 39.8
4963 4962 276.0 39.8
4965 4964 1682.6 253.3
4964 4965 1682.6 246.8
4966 4955 741.4 99.3
4955 4966 741.4 93.0
4972 4965 803.5 115.7
4965 4972 803.5 115.7
4974 4973 162.3 28.4
4973 4974 162.3 30.3
4980 4977 69.1 9.8
4977 4980 69.1 13.0
4981 4972 815.5 119.4
4972 4981 815.5 122.7
4982 4979 335.6 21.6
4979 4982 335.6 24.9
4987 4978 897.4 131.0
4978 4987 897.4 137.5
4987 4988 327.5 47.1
4988 4987 327.5 47.1
4992 4993 186.8 9.5
4993 4992 186.8 9.5
4994 4995 157.1 11.1
4995 4994 157.1 11.1
4997 4998 459.7 28.7
4998 4997 459.7 32.0
5000 4999 180.3 26.1
4999 5000 180.3 26.1
4927 4926 1097.2 110.8
4926 4927 1097.2 105.0
4849 4850 15.7 2.2
4850 4849 15.7 2.2
4957 4955 88.4 17.5
4955 4957 88.4 14.3
4990 4991 344.6 48.2
4991 4990 344.6 52.1
4538 4657 22.8 2.0
4657 4538 22.8 2.0
4588 4592 230.5 33.2
4592 4588 230.5 33.2
3806 3807 0.0 0.0
3807 3806 0.0 0.0
3353 3101 16.6 2.4
3101 3353 16.6 2.4
4578 4581 865.1 120.6
4581 4578 865.1 123.6
2389 2390 49.0 7.0
2390 2389 49.0 7.0
3963 3960 291.8 29.6
3960 3963 291.8 32.3
2756 3008 761.5 114.9
3008 2756 761.5 111.6
2971 2424 230.9 64.6
2424 2971 182.2 27.3
2599 4934 0.3 0.0
4934 2599 0.3 0.0
2320 2318 1390.4 201.8
2318 2320 1390.4 204.3
2660 2661 1063.7 153.2
2661 2660 1063.7 153.2
3594 3589 1903.2 685.3
3589 3594 1903.2 685.9
4575 4571 473.3 33.9
4571 4575 473.3 31.9
2473 2148 409.5 59.1
2148 2473 409.5 59.1
4888 4889 4.7 0.7
4889 4888 4.7 0.7
4813 4809 91.3 13.2
4809 4813 91.3 13.2
4715 4667 0.0 0.0
4667 4715 0.0 0.0
2523 2514 1146.2 102.6
2514 2523 1146.2 103.3
3144 2928 10.8 1.5
2928 3144 10.8 1.5
2207 2351 115.3 21.6
2351 2207 115.3 18.4
2888 2884 99.2 16.2
2884 2888 99.2 19.5
3370 3524 511.6 73.7
3524 3370 511.6 73.7
3363 3785 6462.7 706.3
3785 3363 6441.9 696.6
4094 3927 173.9 16.6
3927 4094 173.9 13.3
3432 3429 487.8 19.5
3429 3432 18163.0 840.7
4033 4537 91.9 16.8
4537 4033 91.9 20.1
4046 4031 273.9 27.4
4031 4046 273.9 30.7
4206 4331 1.0 0.2
4331 4206 1.0 0.2
4105 4025 49.7 7.2
4025 4105 49.7 7.2
3865 4926 342.3 31.7
4926 3865 342.3 35.0
4883 4845 262.0 31.8
4845 4883 788.7 66.1
4855 4848 5.1 0.7
4848 4855 5.1 0.7
4330 4315 438.1 28.9
4315 4330 438.1 32.2
4441 4315 25.5 3.7
4315 4441 25.5 3.7
2953 2946 495.9 76.4
2946 2953 495.9 73.2
3634 3681 232.3 34.3
3681 3634 232.3 36.8
4486 4487 127.9 18.9
4487 4486 127.9 20.8
4900 4865 712.7 102.6
4865 4900 712.7 102.6
4495 3984 338.4 35.9
3984 4495 338.4 32.6
4516 4520 63.4 15.1
4520 4516 63.4 15.1
2461 3147 230.2 37.5
3147 2461 230.2 34.5
2242 2234 70.7 10.1
2234 2242 70.7 10.1
2071 2292 235.6 19.2
2292 2071 235.6 22.5
2675 2561 214.4 11.9
2561 2675 214.4 11.9
3334 3333 168.5 29.8
3333 3334 168.5 26.5
3776 3708 670.9 241.5
3708 3776 670.9 241.5
2495 3539 1114.9 118.2
3539 2495 1142.8 131.7
3539 3380 82.2 5.1
3380 3539 82.2 5.1
4355 4452 143.9 23.4
4452 4355 143.9 26.7
4662 4353 1.3 0.2
4353 4662 1.3 0.2
3628 3620 2747.9 182.5
3620 3628 215.1 13.0
4144 4100 81.8 7.3
4100 4144 81.8 7.3
4366 4368 430.1 61.9
4368 4366 430.1 61.9
2324 2087 11.2 1.6
2087 2324 11.2 1.6
2334 2053 280.8 40.5
2053 2334 280.8 40.5
4600 4646 60.2 8.6
4646 4600 60.2 8.6
4090 4097 117.1 10.6
4097 4090 117.1 10.6
3939 4093 329.5 16.7
4093 3939 329.5 16.7
2834 2720 593.3 91.7
2720 2834 593.3 88.7
2724 2723 57.7 8.3
2723 2724 57.7 8.3
3668 3677 440.1 39.9
3677 3668 440.1 39.9
3626 3624 347.4 36.9
3624 3626 347.4 43.3
4305 4303 194.8 28.1
4303 4305 194.8 28.1
4256 4629 279.4 25.3
4629 4256 279.4 25.3
3916 3928 245.8 23.6
3928 3916 245.8 30.2
2901 2906 266.1 38.2
2906 2901 266.1 38.2
3922 4139 77.5 13.3
4139 3922 77.5 16.6
3921 3488 777.3 157.9
3488 3921 777.3 158.1
3860 3891 368.5 57.1
3891 3860 368.5 53.9
4792 4682 382.3 53.0
4682 4792 382.3 52.6
3732 3727 202.2 10.3
3727 3732 202.2 10.3
3772 3701 441.8 22.5
3701 3772 441.8 22.5
2705 2702 224.0 24.0
2702 2705 224.0 27.2
2507 2592 615.5 96.3
2592 2507 615.5 97.6
4257 3937 316.2 49.8
3937 4257 316.2 56.4
3827 3829 129.4 24.1
3829 3827 129.4 20.8
4934 2612 26.1 3.7
2612 4934 26.1 3.7
2612 2599 25.8 3.7
2599 2612 25.8 3.7
2285 2278 91.0 8.4
2278 2285 91.0 8.4
3115 2727 182.4 16.9
2727 3115 182.4 17.0
2883 2996 84.4 7.6
2996 2883 84.4 7.6
4549 4627 339.5 17.4
4627 4549 339.5 17.4
4576 4574 812.2 41.3
4574 4576 812.2 41.3
3043 3049 252.1 22.3
3049 3043 252.1 22.3
4720 4767 114.0 16.7
4767 4720 114.0 16.7
3330 3521 51.5 7.4
3521 3330 51.5 7.4
3919 2969 1324.8 93.4
2969 3919 320.2 34.2
3513 3428 17999.5 811.4
3428 3513 573.6 23.0
2432 2430 0.0 0.0
2430 2432 0.0 0.0
2669 2642 11.5 1.6
2642 2669 11.5 1.6
4174 4172 638.4 97.4
4172 4174 638.4 94.0
4102 4130 188.9 12.4
4130 4102 188.9 12.4
4345 4196 251.0 42.0
4196 4345 251.0 48.4
4241 4239 180.6 36.8
4239 4241 152.2 34.8
4012 4010 124.4 8.1
4010 4012 124.4 8.1
3738 3735 11699.3 584.1
3735 3738 386.4 15.5
61 57 42.5 6.3
66 65 87.2 20.5
65 66 87.2 16.0
73 74 111.3 10.0
74 73 111.3 10.0
75 76 51.1 7.4
76 75 51.1 7.4
77 78 243.1 35.0
78 77 243.1 35.0
82 83 75.7 10.9
83 82 75.7 10.9
84 85 807.7 123.1
85 84 807.7 122.5
68 69 197.5 17.8
69 68 197.5 17.8
69 86 205.2 18.5
86 69 205.2 18.5
67 66 303.5 37.6
66 67 303.5 31.1
66 65 87.2 20.5
65 66 87.2 16.0
87 88 634.7 59.1
88 87 634.7 62.3
91 92 633.2 60.1
92 91 633.2 63.4
94 95 52.4 4.6
95 94 52.4 4.6
99 94 686.4 84.9
94 99 686.4 81.6
88 91 1892.6 173.0
91 88 1892.6 176.3
56 57 46.7 7.8
57 56 46.7 10.4
