61 57 42.5 6.3
66 65 87.2 20.5
65 66 87.2 16.0
73 74 111.3 10.0
74 73 111.3 10.0
75 76 51.1 7.4
76 75 51.1 7.4
77 78 243.1 35.0
78 77 243.1 35.0
82 83 75.7 10.9
83 82 75.7 10.9
84 85 807.7 123.1
85 84 807.7 122.5
68 69 197.5 17.8
69 68 197.5 17.8
69 86 205.2 18.5
86 69 205.2 18.5
67 66 303.5 37.6
66 67 303.5 31.1
66 65 87.2 20.5
65 66 87.2 16.0
87 88 634.7 59.1
88 87 634.7 62.3
91 92 633.2 60.1
92 91 633.2 63.4
94 95 52.4 4.6
95 94 52.4 4.6
99 94 686.4 84.9
94 99 686.4 81.6
101 102 339.6 44.7
102 101 339.6 39.6
73 103 216.4 23.2
103 73 216.4 21.0
103 104 49.8 12.0
104 103 49.8 9.5
105 106 1312.8 189.2
106 105 1312.8 189.1
92 107 1625.9 239.7
107 92 1625.9 236.4
80 108 979.7 141.0
108 80 979.7 141.0
88 91 1892.6 173.0
91 88 1892.6 176.3
113 88 87.2 12.6
88 113 87.2 12.6
56 57 46.7 7.8
57 56 46.7 10.4
122 123 298.0 43.0
123 122 298.0 43.0
124 91 1797.9 261.7
91 124 1797.9 258.9
89 124 219.7 31.5
124 89 219.7 31.5
124 89 219.7 31.5
89 124 219.7 31.5
126 127 24.3 3.4
127 126 24.3 3.4
128 73 495.6 44.5
73 128 495.6 44.5
102 72 589.8 61.1
72 102 589.8 61.1
61 131 86.7 12.3
131 61 86.7 12.3
61 132 28.1 3.9
132 61 28.1 3.9
133 134 175.0 25.2
134 133 175.0 25.2
138 139 157.0 22.6
139 138 157.0 22.6
140 141 449.0 64.7
141 140 449.0 64.7
86 146 210.6 35.7
146 86 210.6 32.8
149 117 172.5 24.8
117 149 172.5 24.8
130 150 82.7 12.1
150 130 82.7 12.0
151 116 1470.2 211.7
116 151 1470.2 211.7
153 52 184.8 27.1
52 153 184.8 28.9
118 60 264.9 24.0
60 118 264.9 24.0
157 158 690.1 99.2
158 157 690.1 99.2
159 160 522.9 79.5
160 159 522.9 76.7
161 162 686.1 98.7
162 161 686.1 98.7
164 165 213.6 30.8
165 164 213.6 30.8
166 167 39.9 8.8
167 166 39.9 6.5
168 169 133.9 5.3
169 168 45122.1 1901.7
171 172 149.8 21.6
172 171 149.8 21.6
171 173 181.9 27.1
173 171 181.9 29.5
173 172 287.9 41.4
172 173 287.9 41.6
173 174 625.3 90.0
174 173 625.3 90.0
175 176 143.6 20.5
176 175 143.6 20.5
180 181 128.3 21.7
181 180 128.3 24.7
182 183 2186.5 318.3
183 182 2186.5 320.8
182 162 1281.3 121.9
162 182 1281.3 118.6
199 200 612.6 61.0
200 199 612.6 57.7
203 204 122.6 17.6
204 203 122.6 17.5
164 165 213.6 30.8
165 164 213.6 30.8
187 189 1986.1 291.5
189 187 1986.1 292.5
188 187 30.2 4.6
187 188 30.2 5.8
212 206 30.6 4.4
206 212 30.6 4.4
155 214 44640.3 1882.4
214 155 615.6 24.6
215 216 974.5 140.2
216 215 974.5 140.2
205 217 664.8 95.5
217 205 664.8 95.5
214 154 43877.8 1852.0
154 214 1378.1 55.0
220 221 126.0 22.0
221 220 126.0 19.2
229 230 153.6 22.0
230 229 153.6 22.0
243 244 471.1 67.8
244 243 471.1 67.8
234 245 434.8 62.4
245 234 434.8 62.4
240 246 1.6 0.2
246 240 1.6 0.2
250 251 175.1 25.2
251 250 175.1 22.9
256 220 1083.2 159.8
220 256 1083.2 156.5
257 258 77.4 11.1
258 257 77.4 11.1
259 260 894.2 70.6
260 259 894.2 65.6
264 263 420.3 61.9
263 264 420.3 61.0
262 265 2770.0 399.1
265 262 2770.0 399.1
266 267 365.2 131.5
267 266 365.2 131.5
273 274 292.7 19.2
274 273 292.7 19.2
242 252 129.9 20.1
252 242 129.9 19.8
188 211 1054.3 151.8
211 188 1054.3 151.8
278 279 44553.7 1878.8
279 278 702.3 28.2
269 243 1447.1 213.0
243 269 1447.1 215.3
246 273 150.7 27.0
273 246 150.7 21.6
285 257 290.6 47.0
257 285 290.6 43.7
221 289 324.3 46.8
289 221 324.3 46.8
290 291 0.0 0.0
291 290 0.0 0.0
292 293 94.7 13.7
293 292 94.7 13.7
294 295 324.2 46.6
295 294 324.2 46.6
297 298 443.2 63.9
298 297 443.2 63.9
299 300 175.1 66.5
300 299 175.1 69.5
298 301 329.1 47.3
301 298 329.1 47.3
304 305 212.3 31.5
305 304 212.3 34.2
308 309 361.8 52.1
309 308 361.8 52.1
310 311 959.5 86.3
311 310 959.5 86.3
312 313 88.6 12.7
313 312 88.6 15.2
314 315 235.4 34.0
315 314 235.4 34.0
304 321 118.8 10.8
321 304 118.8 10.8
306 322 36.3 3.2
322 306 36.3 3.2
323 306 157.1 14.1
306 323 157.1 14.1
324 308 580.6 61.4
308 324 580.6 57.7
317 325 28.5 2.6
325 317 28.5 2.6
324 326 266.2 24.0
326 324 266.2 24.0
321 17 1172.1 105.7
17 321 1172.1 105.7
332 310 312.0 28.1
310 332 312.0 28.1
309 335 1899.9 220.8
335 309 1899.9 231.1
325 336 256.1 42.6
336 325 256.1 39.6
330 323 450.0 48.2
323 330 450.0 45.5
326 340 200.0 28.7
340 326 200.0 28.4
308 341 257.6 37.0
341 308 257.6 37.0
328 344 335.7 48.3
344 328 335.7 48.3
328 345 129.0 18.6
345 328 129.0 18.6
301 346 66.9 9.6
346 301 66.9 9.6
311 347 170.1 15.4
347 311 170.1 15.4
311 348 29.5 10.2
348 311 29.5 7.0
295 349 253.7 36.6
349 295 253.7 36.6
354 355 21.7 3.0
355 354 21.7 3.0
357 358 134.0 19.4
358 357 134.0 19.4
365 366 852.2 129.3
366 365 852.2 126.3
370 371 897.8 144.2
371 370 897.8 134.7
372 373 52.5 9.5
373 372 52.5 12.8
375 376 696.4 84.2
376 375 696.4 87.5
379 380 701.6 105.1
380 379 701.6 102.2
386 387 843.6 123.6
387 386 843.6 128.1
369 368 306.1 43.3
368 369 306.1 38.8
383 389 939.5 135.9
389 383 939.5 137.6
367 390 45.0 6.4
390 367 45.0 6.4
391 393 165.8 18.5
393 391 165.8 21.7
394 365 2179.0 320.6
365 394 2179.0 318.7
365 395 2768.9 398.3
395 365 2768.9 398.3
396 363 195.0 28.2
363 396 195.0 28.2
396 397 796.2 119.1
397 396 796.2 121.4
398 399 834.7 127.1
399 398 834.7 126.8
385 384 849.0 122.3
384 385 849.0 122.3
385 401 373.4 35.5
401 385 373.4 35.2
374 386 358.4 56.9
386 374 358.4 53.6
372 406 249.0 22.4
406 372 249.0 22.4
405 407 967.7 94.1
407 405 967.7 90.8
379 409 1112.5 165.4
409 379 1112.5 162.9
414 415 842.4 75.6
415 414 842.4 75.6
419 420 64.2 9.2
420 419 64.2 9.2
416 422 327.9 29.4
422 416 327.9 29.4
380 423 922.1 132.9
423 380 922.1 132.9
426 427 152.3 28.4
427 426 152.3 28.8
428 429 1515.0 222.7
429 428 1515.0 219.5
399 411 1047.1 151.1
411 399 1047.1 151.1
390 432 97.7 14.1
432 390 97.7 14.1
435 392 1502.1 215.9
392 435 1502.1 215.9
429 436 398.4 57.3
436 429 398.4 57.3
403 430 255.9 40.7
430 403 255.9 43.5
403 440 18.5 2.7
440 403 18.5 2.7
376 441 330.2 47.6
441 376 330.2 47.6
442 414 69.1 10.7
414 442 69.1 13.4
442 443 189.5 52.6
443 442 189.5 52.6
410 445 146.6 20.9
445 410 146.6 20.9
445 446 471.9 68.9
446 445 471.9 68.0
449 450 1619.6 233.3
450 449 1619.6 233.3
395 434 336.6 48.5
434 395 336.6 48.5
453 454 143.9 20.8
454 453 143.9 20.8
448 455 76.7 11.0
455 448 76.7 11.0
447 448 255.7 42.4
448 447 255.7 39.1
459 460 859.7 310.2
460 459 859.7 309.8
461 462 1539.9 235.2
462 461 1539.9 244.4
463 464 16.0 2.3
464 463 16.0 2.3
466 467 993.8 122.1
467 466 993.6 131.3
469 471 589.9 84.9
471 469 589.9 84.9
480 481 1626.0 234.2
481 480 1626.0 234.2
482 483 511.8 89.1
483 482 511.8 95.7
111 486 163.4 26.3
486 111 163.4 24.3
489 490 420.2 40.3
490 489 420.2 43.5
491 492 457.0 65.6
492 491 457.0 65.6
494 495 58.3 8.5
495 494 58.3 8.5
496 210 2764.5 399.2
210 496 2764.5 402.1
496 497 92.0 18.2
497 496 92.0 15.0
510 511 208.1 25.7
511 510 208.1 29.0
512 513 687.8 110.0
513 512 687.8 103.3
517 398 2857.4 425.3
398 517 2857.4 423.9
526 527 1015.3 144.5
527 526 1015.3 145.9
465 481 405.4 26.7
481 465 405.4 28.2
524 465 543.8 30.4
465 524 543.8 33.7
533 523 1795.6 264.1
523 533 1795.6 260.8
490 199 483.7 43.6
199 490 483.7 43.6
492 538 289.2 41.6
538 492 289.2 41.6
538 539 307.8 44.3
539 538 307.8 44.3
516 544 1612.4 232.4
544 516 1612.4 232.4
539 489 85.0 12.2
489 539 85.0 12.2
545 546 354.9 31.9
546 545 354.9 31.9
547 548 206.4 35.4
548 547 206.4 32.1
554 555 660.5 95.0
555 554 660.5 95.0
564 565 891.6 131.5
565 564 891.6 136.0
568 569 563.7 82.0
569 568 563.7 84.2
571 572 6754.0 735.8
572 571 6754.0 728.1
573 574 706.4 101.7
574 573 706.4 101.7
575 576 330.6 47.4
576 575 330.6 47.4
578 579 185.0 16.7
579 578 185.0 16.7
580 581 645.8 93.0
581 580 645.8 93.0
583 584 9408.9 1189.8
584 583 9408.9 1198.4
585 586 393.9 61.9
586 585 393.9 58.6
587 588 30.5 4.3
588 587 30.5 4.3
596 597 29.1 4.2
597 596 29.1 4.2
601 602 4.3 0.6
602 601 4.3 0.6
523 547 1818.7 261.7
547 523 1818.7 261.7
608 609 1499.2 219.4
609 608 1499.2 216.9
610 611 869.9 129.5
611 610 869.9 132.2
551 550 355.6 57.3
550 551 355.6 54.1
615 616 358.0 51.4
616 615 358.0 51.4
617 618 502.6 76.2
618 617 502.6 82.7
558 557 479.3 69.0
557 558 479.3 69.0
557 623 539.0 84.3
623 557 539.0 84.9
623 625 1231.5 176.7
625 623 1231.5 176.7
629 630 312.4 28.8
630 629 312.4 30.5
619 568 124.7 21.8
568 619 124.7 24.6
420 632 188.4 27.2
632 420 188.4 27.2
634 604 222.9 42.2
604 634 222.9 35.6
603 636 0.8 0.1
636 603 0.8 0.1
642 643 1070.9 159.7
643 642 1068.4 158.2
643 595 181.8 31.6
595 643 181.8 28.3
595 171 815.0 122.6
171 595 815.0 119.3
588 645 488.0 70.4
645 588 488.0 70.4
646 175 940.2 135.5
175 646 940.2 135.5
631 647 265.2 23.8
647 631 265.2 23.8
646 177 1305.2 125.3
177 646 1305.2 122.6
650 651 491.7 70.8
651 650 491.7 70.8
652 653 0.0 0.0
653 652 0.0 0.0
612 551 138.9 24.2
551 612 138.9 21.3
654 655 69.3 10.0
655 654 69.3 10.0
649 657 2062.5 299.9
657 649 2062.5 303.1
634 577 819.1 73.8
577 634 819.1 73.8
577 578 292.8 26.1
578 577 292.8 26.1
626 599 411.6 37.1
599 626 411.6 37.1
662 581 76.6 12.4
581 662 76.6 9.2
548 663 1237.2 66.9
663 548 1237.2 64.9
665 666 671.8 96.8
666 665 671.8 96.8
670 671 269.5 38.7
671 670 269.5 38.7
651 598 320.1 55.0
598 651 320.1 55.2
672 673 732.3 105.5
673 672 732.3 105.5
674 675 214.6 42.8
675 674 214.6 42.8
566 567 106.3 15.2
567 566 106.3 15.2
611 678 139.3 20.0
678 611 139.3 20.0
679 629 96.5 8.6
629 679 96.5 8.6
680 605 345.0 86.1
605 680 345.0 86.9
673 598 255.2 52.9
598 673 255.2 51.7
589 587 0.0 0.0
587 589 0.0 0.0
688 689 577.2 83.2
689 688 577.2 83.2
688 654 209.4 40.8
654 688 209.4 34.3
693 694 305.7 50.7
694 693 305.7 47.9
695 696 1015.1 64.3
696 695 1015.1 61.0
698 699 335.3 49.5
699 698 335.3 52.3
702 700 184.7 26.6
700 702 184.7 26.6
721 722 0.0 0.0
722 721 0.0 0.0
223 727 1407.0 99.0
727 223 1407.0 95.7
728 729 332.5 47.7
729 728 332.5 47.7
264 260 707.2 101.9
260 264 707.2 101.9
733 734 138.3 24.8
734 733 138.3 21.6
735 736 817.2 123.7
736 735 817.2 123.8
737 738 710.1 103.1
738 737 710.1 105.5
740 684 635.0 57.1
684 740 635.0 57.1
741 740 31.4 2.8
740 741 31.4 2.8
742 692 24.0 3.4
692 742 24.0 3.4
692 743 146.3 21.0
743 692 146.3 21.0
745 696 181.0 33.8
696 745 181.0 33.5
746 747 164.3 29.2
747 746 164.3 30.8
749 750 104.2 15.5
750 749 104.2 14.8
754 755 23.0 3.4
755 754 23.0 3.4
756 758 45.4 6.5
758 756 45.4 6.5
761 762 1171.3 168.6
762 761 1171.3 168.6
763 764 287.1 41.2
764 763 287.1 41.2
763 765 58.0 14.1
765 763 58.0 10.8
724 769 220.5 34.1
769 724 220.5 37.4
185 186 1174.1 170.5
186 185 1174.1 169.3
737 772 208.4 29.9
772 737 208.4 29.9
773 737 1007.1 145.3
737 773 1007.1 146.1
768 168 7577.2 416.3
168 768 46140.8 2022.9
731 764 490.1 50.2
764 731 490.1 51.6
775 776 70.6 6.3
776 775 70.6 6.3
781 782 153.4 22.1
782 781 153.4 22.1
777 784 168.8 20.2
784 777 168.8 23.0
783 695 783.9 43.3
695 783 783.9 43.3
696 506 91.3 19.7
506 696 91.3 13.5
786 703 191.4 17.3
703 786 191.4 14.0
703 787 624.7 40.9
787 703 624.7 37.6
789 790 45360.9 1895.3
790 789 61693.0 2586.2
796 797 2865.7 115.0
797 796 14224.2 657.9
785 799 120.3 10.7
799 785 120.3 10.7
735 777 1232.1 116.0
777 735 1232.1 120.7
751 802 162.7 23.5
802 751 162.7 23.5
744 745 557.0 80.3
745 744 557.0 80.3
803 804 188.0 16.8
804 803 188.0 16.8
759 805 763.9 110.0
805 759 763.9 110.0
782 810 79.6 11.5
810 782 79.6 11.5
767 813 607.6 87.4
813 767 607.6 87.4
814 815 16566.4 751.8
815 814 523.4 21.1
711 759 286.2 73.1
759 711 286.2 74.0
817 818 0.0 0.0
818 817 0.0 0.0
817 819 0.0 0.0
819 817 0.0 0.0
821 822 8.2 0.5
822 821 8.2 0.5
810 725 177.6 25.6
725 810 177.6 25.6
657 773 93.3 19.1
773 657 93.3 20.5
824 834 24.3 3.5
834 824 24.3 3.5
717 835 27.3 3.9
835 717 27.3 3.9
200 82 260.2 39.2
82 200 260.2 35.5
833 792 160.0 8.7
792 833 160.0 8.7
838 825 362.8 59.4
825 838 362.8 57.3
838 839 134.6 19.3
839 838 134.6 19.3
832 841 383.4 40.4
841 832 383.4 43.7
753 846 25.1 3.6
846 753 25.1 3.7
755 847 562.4 86.2
847 755 562.4 82.9
848 843 54.4 8.0
843 848 54.4 8.7
850 757 429.8 45.7
757 850 429.8 42.6
844 807 1044.8 154.6
807 844 1044.8 151.7
752 850 230.7 25.7
850 752 230.7 22.9
766 811 30.7 4.4
811 766 30.7 4.4
808 854 323.4 48.0
854 808 323.4 51.3
855 201 122.4 22.5
201 855 122.4 24.2
812 860 279.3 53.7
860 812 279.3 48.6
862 863 166.5 24.7
863 862 166.5 26.5
866 867 213.7 38.4
867 866 213.7 33.5
868 748 658.2 102.9
748 868 658.2 104.1
868 869 287.1 43.7
869 868 287.1 47.0
691 872 629.3 91.0
872 691 629.3 92.6
874 816 215.2 19.5
816 874 215.2 19.5
875 876 287.2 41.4
876 875 287.2 41.4
353 877 184.2 14.0
877 353 184.2 14.0
801 879 178.7 25.9
879 801 178.7 25.9
697 786 358.7 51.4
786 697 358.7 51.0
880 881 142.6 21.9
881 880 142.6 24.8
787 882 44.1 2.4
882 787 44.1 2.4
788 749 283.0 23.6
749 788 283.0 22.0
755 847 562.4 86.2
847 755 562.4 82.9
889 890 367.5 59.9
890 889 367.5 57.4
891 892 313.9 45.3
892 891 313.9 45.3
849 894 83.6 12.0
894 849 83.6 12.0
837 687 101.1 9.1
687 837 101.1 9.1
896 897 288.4 41.5
897 896 288.4 41.5
898 899 121.9 17.6
899 898 121.9 17.6
905 906 240.9 41.5
906 905 240.9 34.9
907 909 381.4 58.1
909 907 381.4 61.2
908 109 144.4 7.3
109 908 294.0 43.1
912 913 1590.0 208.5
913 912 1590.0 224.6
913 912 1590.0 224.6
912 913 1590.0 208.5
922 923 183.9 26.5
923 922 183.9 26.5
924 925 291.0 41.9
925 924 291.0 41.9
933 915 31.9 6.8
915 933 31.9 10.1
938 939 403.5 25.4
939 938 1881.4 130.3
925 926 108.8 17.9
926 925 108.8 21.2
945 946 88.3 12.6
946 945 88.3 12.6
947 653 111.7 18.2
653 947 111.7 21.5
947 949 218.2 31.3
949 947 218.2 31.3
946 950 88.9 12.8
950 946 88.9 12.8
946 951 95.0 19.4
951 946 95.0 16.1
950 652 48.6 12.1
652 950 48.6 8.9
949 952 124.3 17.8
952 949 124.3 17.8
954 955 98.2 14.1
955 954 98.2 14.1
961 962 87.2 12.5
962 961 87.2 12.5
963 964 266.8 41.1
964 963 266.8 38.0
965 966 236.2 39.2
966 965 236.2 36.0
971 972 322.8 29.1
972 971 322.8 32.4
978 972 28.2 1.9
972 978 28.2 1.9
981 982 44.5 6.4
982 981 44.5 6.4
985 986 498.2 71.5
986 985 498.2 71.5
986 987 293.7 50.7
987 986 293.7 55.1
988 989 172.2 24.7
989 988 172.2 24.7
993 994 147.3 23.2
994 993 147.3 26.6
994 996 133.3 21.2
996 994 133.3 24.4
993 997 238.3 34.4
997 993 238.3 34.4
997 998 75.9 10.9
998 997 75.9 10.9
1000 999 264.1 44.5
999 1000 264.1 40.9
1002 1003 108.7 5.6
1003 1002 108.7 5.6
988 1005 196.6 32.2
1005 988 196.6 38.7
1007 1008 89.1 12.9
1008 1007 89.1 12.9
967 1009 70.9 13.5
1009 967 70.9 14.5
1008 1010 89.3 12.8
1010 1008 89.3 12.8
1015 1016 142.1 11.2
1016 1015 142.1 11.2
1018 1019 67.3 9.7
1019 1018 67.3 9.7
1021 1022 63.1 8.9
1022 1021 63.1 8.9
1024 688 295.8 42.5
688 1024 295.8 42.5
937 920 55.5 5.1
920 937 55.5 5.1
1027 1020 90.0 7.8
1020 1027 90.0 7.8
689 1028 148.1 27.3
1028 689 148.1 24.0
1030 1031 95.3 22.8
1031 1030 95.3 22.8
1035 1036 379.0 60.4
1036 1035 379.0 57.2
987 822 287.8 41.5
822 987 287.8 44.7
822 1039 395.5 21.7
1039 822 395.5 21.7
1042 1038 120.9 21.5
1038 1042 120.9 28.1
1043 1042 129.1 23.0
1042 1043 129.1 29.6
1043 1037 152.6 22.0
1037 1043 152.6 22.0
1044 1045 170.5 27.9
1045 1044 170.5 24.6
1047 166 110.7 21.9
166 1047 110.7 18.6
1037 1050 110.2 16.0
1050 1037 110.2 16.0
1050 1051 176.5 27.6
1051 1050 176.5 30.9
1051 1052 69.4 15.5
1052 1051 69.4 12.2
181 1053 411.7 60.6
1053 181 411.7 63.2
1053 1054 446.8 65.5
1054 1053 446.8 68.7
1049 1056 2576.5 270.2
1056 1049 2527.2 244.3
1057 1058 1514.1 223.6
1058 1057 1361.4 198.3
1060 1061 80.4 11.6
1061 1060 80.4 11.6
1061 1063 295.4 47.8
1063 1061 295.4 44.5
1046 1066 124.2 22.9
1066 1046 124.2 19.6
1067 1060 320.4 51.4
1060 1067 320.4 48.1
1063 1068 188.7 27.0
1068 1063 188.7 27.0
1068 1069 99.6 14.4
1069 1068 99.6 14.4
1074 1075 148.3 21.5
1075 1074 148.3 21.5
1044 1076 131.4 29.7
1076 1044 131.4 23.1
1079 1080 110.6 21.1
1080 1079 110.6 17.8
1082 1078 24.2 1.5
1078 1082 24.2 1.5
1086 1087 78.1 12.2
1087 1086 263.1 34.9
1087 1089 82.6 10.9
1089 1087 152.1 27.4
1092 1084 30.2 4.3
1084 1092 30.2 4.3
1089 1088 309.6 50.1
1088 1089 309.6 46.8
1088 1093 110.5 15.8
1093 1088 110.5 15.8
1093 1094 83.3 12.1
1094 1093 83.3 12.1
1094 1059 129.9 24.1
1059 1094 129.9 20.8
1095 1096 116.1 20.6
1096 1095 116.1 27.2
1070 1097 183.4 28.7
1097 1070 183.4 32.0
1070 1072 147.3 23.5
1072 1070 147.3 26.8
1097 1098 267.2 40.1
1098 1097 267.2 43.1
296 1099 152.5 29.8
1099 296 152.5 29.8
1103 1102 167.2 23.9
1102 1103 167.2 23.9
1107 1108 111.8 21.6
1108 1107 111.8 18.3
1105 1109 345.5 49.7
1109 1105 345.5 49.7
1100 1106 301.5 50.2
1106 1100 301.5 45.8
1113 1074 235.4 35.4
1074 1113 235.4 38.3
1101 1114 94.1 13.7
1114 1101 94.1 13.7
1119 1120 340.1 49.0
1120 1119 340.1 49.5
1121 1122 111.6 16.1
1122 1121 111.6 16.3
1123 1124 129.4 18.8
1124 1123 129.4 18.8
1125 1117 646.9 78.0
1117 1125 373.3 59.6
1126 1127 307.4 50.3
1127 1126 441.7 61.0
1128 1129 233.4 33.4
1129 1128 233.4 33.4
1133 1134 203.0 39.2
1134 1133 203.0 32.8
1135 1136 76.5 11.1
1136 1135 76.5 11.1
1138 1136 237.6 36.3
1136 1138 237.6 39.6
1140 1141 57.1 2.8
1141 1140 840.3 67.0
1144 1145 17.5 7.1
1145 1144 17.5 4.1
1145 1142 248.2 47.3
1142 1145 248.2 40.7
1141 1147 674.2 56.7
1147 1141 395.4 42.2
1124 617 6.6 1.0
617 1124 6.6 1.0
1146 1149 144.1 25.6
1149 1146 144.1 22.4
502 1151 346.4 19.2
1151 502 346.4 19.2
1158 1159 975.5 140.3
1159 1158 975.5 140.3
1130 1163 299.1 44.9
1163 1130 299.1 48.2
1165 1166 98.3 6.4
1166 1165 98.3 6.4
1167 1177 806.6 59.0
1177 1167 806.6 59.0
1178 1179 44.7 6.4
1179 1178 44.7 6.4
600 1183 77.7 11.2
1183 600 77.7 11.2
1184 1185 200.6 28.8
1185 1184 200.6 28.8
1186 1187 278.4 22.1
1187 1186 354.5 41.8
1187 1188 311.6 22.9
1188 1187 394.8 50.4
1189 1190 43.9 6.2
1190 1189 43.9 6.2
1193 1194 15.1 2.2
1194 1193 15.1 2.2
1177 865 74.4 10.8
865 1177 74.4 10.8
1200 1201 319.5 52.4
1201 1200 319.5 50.0
1198 898 177.6 25.6
898 1198 177.6 25.6
1197 898 255.1 41.5
898 1197 405.9 40.4
1203 1204 63.2 9.1
1204 1203 63.2 9.1
1205 1206 129.7 24.7
1206 1205 129.7 21.5
1207 1208 113.3 7.4
1208 1207 440.8 68.0
1212 1213 50.8 8.7
1213 1212 50.8 11.7
1214 1215 212.5 44.4
1215 1214 123.1 18.9
1048 1214 388.0 27.3
1214 1048 659.8 89.1
1215 1216 231.0 42.3
1216 1215 231.0 46.0
1221 1222 107.0 15.5
1222 1221 107.0 15.5
1223 1224 116.0 16.7
1224 1223 116.0 16.7
1224 1222 128.8 29.3
1222 1224 128.8 22.8
1226 1227 55.3 8.0
1227 1226 55.3 8.0
1227 1228 813.6 117.1
1228 1227 813.6 117.1
1211 1229 33.3 4.9
1229 1211 33.3 4.9
1134 1135 103.2 20.4
1135 1134 103.2 17.1
1234 1236 229.5 37.8
1236 1234 229.5 34.7
1238 1239 44.0 6.4
1239 1238 44.0 6.4
1240 553 66.7 9.6
553 1240 66.7 9.6
1200 543 188.6 32.1
543 1200 188.6 28.9
543 1242 93.6 13.5
1242 543 93.6 13.5
543 1201 167.2 30.6
1201 543 167.2 33.4
1242 1243 169.6 28.9
1243 1242 169.6 31.1
1201 1244 368.7 55.5
1244 1201 368.7 58.8
1201 1248 176.3 30.2
1248 1201 176.3 32.3
1214 1090 141.7 9.3
1090 1214 179.4 53.1
1254 1258 586.3 49.7
1258 1254 345.3 27.8
1259 1260 99.8 14.4
1260 1259 99.8 14.4
1260 1262 207.0 31.8
1262 1260 207.0 35.1
1256 1263 75.2 10.9
1263 1256 75.2 10.9
1263 1264 287.6 46.4
1264 1263 287.6 43.2
1263 1258 343.8 39.4
1258 1263 109.3 21.8
1264 1266 105.4 20.8
1266 1264 105.4 17.5
1267 1264 181.7 34.8
1264 1267 181.7 34.8
1268 1269 117.4 27.4
1269 1268 117.4 21.0
1108 1270 118.2 13.5
1270 1108 118.2 10.3
1270 1271 112.7 20.9
1271 1270 112.7 17.6
1259 1271 190.8 31.7
1271 1259 190.8 38.3
1271 1262 107.8 21.1
1262 1271 107.8 17.8
1261 1272 51.8 7.4
1272 1261 51.8 7.4
1273 1274 99.8 14.3
1274 1273 99.8 14.6
549 1276 342.6 54.6
1276 549 342.6 51.3
1269 1278 97.2 20.3
1278 1269 97.2 17.2
1231 1279 632.5 91.3
1279 1231 632.5 91.3
1111 1116 84.6 5.6
1116 1111 84.6 5.6
1116 353 116.6 7.6
353 1116 116.6 7.6
877 1281 498.5 32.7
1281 877 498.5 32.7
1282 1283 142.5 21.8
1283 1282 142.5 24.7
1283 933 463.3 69.2
933 1283 463.3 72.5
1281 1284 327.8 21.3
1284 1281 327.8 21.3
456 1285 77.7 13.3
1285 456 77.7 16.7
1287 1288 84.8 12.2
1288 1287 84.8 12.2
1286 1288 265.2 40.5
1288 1286 265.2 43.8
1292 917 163.5 25.9
917 1292 163.5 32.4
1295 1296 393.1 24.4
1296 1295 1047.1 86.9
1297 891 376.4 54.3
891 1297 376.4 54.3
1299 1300 233.9 37.1
1300 1299 233.9 43.5
1287 1302 129.6 20.6
1302 1287 129.6 23.9
1302 1293 365.7 59.3
1293 1302 365.7 59.5
1303 1306 156.5 24.0
1306 1303 156.5 27.9
1307 1308 135.2 19.6
1308 1307 135.2 19.6
1312 1314 227.8 34.9
1314 1312 227.8 38.2
1314 1315 670.6 100.7
1315 1314 670.6 107.2
1316 1160 926.7 133.4
1160 1316 926.7 133.4
1319 1321 208.7 16.9
1321 1319 208.7 20.0
1323 1324 111.4 5.8
1324 1323 1132.3 83.4
1325 1326 217.2 64.5
1326 1325 217.2 61.2
536 509 233.2 24.5
509 536 233.2 31.0
1327 1328 121.8 8.1
1328 1327 121.8 8.1
1284 1325 410.8 59.8
1325 1284 410.8 59.8
905 1290 294.8 26.5
1290 905 294.8 26.5
1332 1333 52.4 7.6
1333 1332 52.4 7.6
1330 1335 97.9 5.0
1335 1330 464.9 47.3
1332 1335 407.5 58.4
1335 1332 166.6 20.7
1337 1338 42.7 2.2
1338 1337 605.9 53.3
1339 1340 2.0 0.1
1340 1339 807.9 80.1
1341 1340 489.3 37.0
1340 1341 1406.0 91.2
292 1342 670.7 108.2
1342 292 670.7 101.7
1344 1345 385.6 57.8
1345 1344 385.6 56.0
1346 1347 355.4 52.8
1347 1346 355.4 56.1
1347 1350 164.7 26.3
1350 1347 164.7 29.6
1348 1353 640.7 92.0
1353 1348 640.7 92.0
1357 1358 198.3 28.6
1358 1357 198.3 28.6
1360 1359 655.3 98.2
1359 1360 655.3 101.0
1362 1363 823.5 118.6
1363 1362 823.5 118.6
1355 1373 278.5 23.4
1373 1355 278.5 26.4
1370 1364 217.9 20.0
1364 1370 217.9 17.8
1379 1378 438.0 72.6
1378 1379 438.0 74.4
1380 1378 592.0 212.9
1378 1380 592.0 212.9
1387 1388 949.3 136.8
1388 1387 949.3 136.8
1352 1392 438.3 63.1
1392 1352 438.3 63.1
1394 1352 766.1 117.0
1352 1394 766.1 114.4
1395 1352 634.2 94.1
1352 1395 634.2 97.3
1359 1400 1384.9 208.5
1400 1359 1384.9 204.0
1365 1404 1739.7 631.1
1404 1365 1739.7 628.2
1406 1407 127.2 20.5
1407 1406 127.2 19.9
1383 1348 258.3 41.2
1348 1383 258.3 38.4
1408 1406 859.7 132.2
1406 1408 859.7 127.1
1385 1409 1117.1 160.9
1409 1385 1117.1 160.9
1411 1377 490.8 176.8
1377 1411 490.8 176.8
1351 1416 948.7 136.7
1416 1351 948.7 136.7
1349 1346 1005.3 144.9
1346 1349 1005.3 144.9
1419 1367 480.3 69.2
1367 1419 480.3 69.2
1366 1420 783.0 112.4
1420 1366 783.0 112.4
1404 1423 103.3 37.2
1423 1404 103.3 37.2
1424 1381 105.1 15.1
1381 1424 105.1 15.1
1353 1428 667.5 96.1
1428 1353 667.5 96.1
364 362 1112.6 160.2
362 364 1112.6 160.2
364 1412 2.8 0.4
1412 364 2.8 0.4
1397 1433 9.6 1.3
1433 1397 9.6 1.3
1436 1437 2.5 0.6
1437 1436 2.5 0.6
1436 1420 159.0 36.6
1420 1436 159.0 39.9
1439 1440 1.9 0.3
1440 1439 1.9 0.3
1361 1444 77148.4 6428.9
1444 1361 76716.7 6384.2
1450 1451 419.9 60.4
1451 1450 419.9 60.4
1453 1454 2884.0 377.4
1454 1453 2884.0 372.1
1450 1455 354.5 53.0
1455 1450 354.5 56.3
673 1456 32.2 4.6
1456 673 32.2 4.6
1467 1468 1264.1 182.2
1468 1467 1264.1 182.2
1474 1475 72.4 16.2
1475 1474 72.4 12.9
1452 1480 1010.5 152.3
1480 1452 1010.5 155.3
1485 1486 149.3 21.5
1486 1485 149.3 21.5
1488 1489 413.6 63.1
1489 1488 413.6 66.3
1493 1002 144.0 7.3
1002 1493 144.0 7.3
1494 1445 578.3 194.9
1445 1494 578.3 197.4
1495 1496 259.6 14.2
1496 1495 259.6 14.2
1463 1465 681.3 68.3
1465 1463 681.3 65.9
1500 1499 452.6 25.2
1499 1500 452.6 25.2
1317 1502 2481.1 317.1
1502 1317 2481.1 320.8
648 1453 1036.6 145.4
1453 648 1036.6 139.0
1491 1508 15.2 2.2
1508 1491 15.2 2.2
1511 1512 429.6 62.0
1512 1511 429.6 62.0
1445 1514 290.8 41.9
1514 1445 290.8 41.9
1516 1517 48.4 17.3
1517 1516 48.4 17.3
1518 1519 70.0 6.3
1519 1518 70.0 6.3
1513 466 10.5 1.5
466 1513 10.5 1.5
1513 1520 798.6 107.0
1520 1513 798.4 119.4
1448 1505 1007.4 113.7
1505 1448 1007.4 119.3
1524 1472 139.7 25.0
1472 1524 139.7 21.8
1525 1524 161.7 34.6
1524 1525 161.7 28.0
1525 1523 129.7 18.7
1523 1525 129.7 18.7
1526 1525 148.7 31.8
1525 1526 148.7 25.3
1529 1526 214.2 30.8
1526 1529 214.2 30.8
1499 1529 130.7 18.4
1529 1499 130.7 20.1
1473 1530 139.2 20.0
1530 1473 139.2 20.0
1531 1530 194.4 38.9
1530 1531 194.4 32.3
1532 1473 132.2 19.0
1473 1532 132.2 19.0
1533 1534 72.3 15.4
1534 1533 72.3 12.1
1539 1202 357.9 50.3
1202 1539 357.9 47.2
1541 1540 116.9 28.2
1540 1541 116.9 28.2
1544 1484 999.1 361.5
1484 1544 999.1 364.7
1545 1546 266.2 38.3
1546 1545 266.2 38.3
1547 1548 117.3 16.9
1548 1547 117.3 16.9
1518 1553 18.7 1.7
1553 1518 18.7 1.7
197 1555 27.9 4.0
1555 197 27.9 4.0
1483 1484 850.3 122.3
1484 1483 850.3 122.3
1562 1446 2355.3 848.0
1446 1562 2355.3 851.3
1517 1562 45.8 16.5
1562 1517 45.8 16.5
1453 585 310.2 44.7
585 1453 310.2 44.7
1565 178 82.3 17.3
178 1565 82.3 14.0
1462 1565 34.9 5.0
1565 1462 34.9 5.0
1497 1566 119.3 6.7
1566 1497 119.3 6.7
1482 1567 112.8 20.7
1567 1482 112.8 17.7
1572 1511 789.1 113.8
1511 1572 789.1 113.8
957 960 150.3 13.5
960 957 150.3 13.5
1514 1576 25.3 3.6
1576 1514 25.3 3.6
1578 1571 575.6 51.9
1571 1578 575.6 51.9
1578 1579 52.5 4.7
1579 1578 52.5 4.7
1580 1581 450.3 57.6
1581 1580 450.3 60.9
1504 1580 613.4 33.9
1580 1504 613.4 33.9
1587 1588 0.0 0.0
1588 1587 0.0 0.0
1586 1585 175.0 29.0
1585 1586 175.0 26.2
1274 1572 282.2 46.5
1572 1274 282.2 47.8
1274 1593 266.5 45.6
1593 1274 266.5 44.7
1536 1317 7.9 1.1
1317 1536 7.9 1.1
1594 1595 56.1 8.0
1595 1594 56.1 8.0
1594 197 15.7 2.2
197 1594 15.7 2.2
178 1596 121.1 22.5
1596 178 121.1 19.2
1597 1536 15.6 2.2
1536 1597 15.6 2.2
1558 1598 30.7 1.6
1598 1558 30.7 1.6
1601 1600 117.0 16.7
1600 1601 117.0 16.7
1601 1602 112.7 16.2
1602 1601 112.7 16.2
1607 1476 33.7 4.8
1476 1607 33.7 4.8
1507 1609 92.4 9.5
1609 1507 92.4 12.8
1506 1507 180.9 13.3
1507 1506 180.9 16.3
1455 1479 617.5 88.9
1479 1455 617.5 88.9
1455 1615 52.1 7.5
1615 1455 52.1 7.5
1546 1480 32.5 4.7
1480 1546 32.5 4.7
1548 1620 179.1 25.8
1620 1548 179.1 25.8
1620 1548 179.1 25.8
1548 1620 179.1 25.8
1622 1623 143.2 41.3
1623 1622 143.2 41.5
1560 1604 180.1 26.1
1604 1560 180.1 26.1
1625 1622 55.6 9.9
1622 1625 55.6 9.7
1626 1627 53.1 9.7
1627 1626 53.1 13.0
1534 1531 116.4 22.3
1531 1534 116.4 19.0
1475 1534 267.6 51.3
1534 1475 267.6 48.0
1552 1470 154.5 22.3
1470 1552 154.5 22.1
1595 1564 133.9 19.4
1564 1595 133.9 19.4
1624 1629 0.0 0.0
1629 1624 0.0 0.0
1468 1477 124.0 17.9
1477 1468 124.0 17.9
1630 1537 280.8 40.5
1537 1630 280.8 40.5
1607 1590 390.7 67.6
1590 1607 390.7 61.0
1541 1450 399.8 65.0
1450 1541 399.8 65.1
1488 1632 348.5 50.2
1632 1488 348.5 50.2
1637 1638 405.4 145.8
1638 1637 405.4 145.4
1639 1640 2431.9 481.4
1640 1639 2431.9 477.8
1496 1643 73.9 4.1
1643 1496 73.9 4.1
1644 1645 486.2 70.1
1645 1644 486.2 70.1
1653 1654 128.3 18.3
1654 1653 128.3 18.3
1665 1666 225.0 32.4
1666 1665 225.0 32.4
1668 1667 70.2 10.2
1667 1668 70.2 10.2
1670 1671 118.0 17.0
1671 1670 118.0 17.0
1674 1675 855.1 72.9
1675 1674 1718.4 134.6
1471 1628 208.5 25.8
1628 1471 208.5 22.5
1677 1678 168.8 24.3
1678 1677 168.8 24.3
1681 1682 1127.0 172.3
1682 1681 1127.0 171.0
1636 1683 976.1 140.5
1683 1636 976.1 140.5
1684 613 1114.2 200.7
613 1684 1114.2 196.3
1684 1685 303.9 79.4
1685 1684 303.9 78.6
1653 1687 448.4 70.3
1687 1653 448.4 71.7
1693 1694 865.0 124.6
1694 1693 865.0 124.6
1697 1655 814.7 122.1
1655 1697 814.7 118.9
1698 1657 199.8 28.9
1657 1698 199.8 29.2
1681 1699 666.3 96.0
1699 1681 666.3 96.0
1700 1701 10791.7 1130.5
1701 1700 10791.7 1140.7
1640 1704 891.6 322.9
1704 1640 891.6 326.2
1634 1705 453.8 65.2
1705 1634 453.8 65.2
1707 1708 625.8 91.4
1708 1707 625.8 94.4
1665 1710 145.5 21.1
1710 1665 145.5 21.1
1670 1713 40.4 5.8
1713 1670 40.4 5.8
585 1714 0.0 0.0
1714 585 0.0 0.0
1716 1717 55.3 8.0
1717 1716 55.3 8.0
1673 1676 913.4 131.4
1676 1673 913.4 131.4
1720 1644 253.5 36.4
1644 1720 253.5 36.4
1646 1722 1003.5 144.5
1722 1646 1003.5 144.5
671 1723 7212.0 670.7
1723 671 7212.0 667.4
1701 1698 320.4 47.5
1698 1701 320.4 50.3
1730 1731 362.2 52.4
1731 1730 362.2 52.4
923 1732 179.3 25.9
1732 923 179.3 25.9
606 1665 756.1 108.8
1665 606 756.1 108.8
1731 1733 297.2 42.7
1733 1731 297.2 42.7
1734 605 611.6 88.0
605 1734 611.6 88.0
1682 1743 184.0 44.2
1743 1682 184.0 44.2
1687 1745 200.6 28.8
1745 1687 200.6 28.8
1747 1748 119.4 17.3
1748 1747 119.4 17.3
1749 1652 104.4 16.8
1652 1749 104.4 17.8
1749 1750 33.5 4.9
1750 1749 33.5 4.9
1651 1718 265.6 23.9
1718 1651 265.6 23.9
1651 1751 197.0 28.4
1751 1651 197.0 28.4
417 1752 720.8 103.7
1752 417 720.8 103.7
1755 1118 149.9 21.6
1118 1755 149.9 21.6
1635 1761 248.2 37.1
1761 1635 248.2 32.8
1708 1706 36.5 5.3
1706 1708 36.5 5.3
1708 1762 398.6 59.4
1762 1708 398.6 62.7
1151 1764 171.7 9.5
1764 1151 171.7 9.5
1766 1663 791.1 113.9
1663 1766 791.1 113.9
1728 1659 1393.4 77.3
1659 1728 1393.4 77.3
1666 1767 62.3 8.9
1767 1666 62.3 8.9
1770 1771 315.4 47.5
1771 1770 315.4 50.8
1726 1725 120.4 17.4
1725 1726 120.4 17.4
1733 1729 244.5 35.2
1729 1733 244.5 35.2
1784 1785 964.0 358.6
1785 1784 964.0 355.1
1783 1786 85.5 16.8
1786 1783 85.5 15.9
1787 1786 667.6 103.8
1786 1787 667.6 106.2
1789 1790 372.4 61.1
1790 1789 372.4 58.2
1791 1784 203.2 73.0
1784 1791 203.2 73.0
1793 1794 173.1 62.4
1794 1793 173.1 62.4
1785 1795 292.7 105.5
1795 1785 292.7 105.5
1790 1796 149.9 35.9
1796 1790 149.9 35.9
1798 1625 1708.2 333.4
1625 1798 1708.2 329.9
1799 1547 1765.8 254.3
1547 1799 1765.8 254.3
1800 1801 2248.7 809.4
1801 1800 2248.7 809.4
1801 1798 106.2 38.2
1798 1801 106.2 38.2
618 1803 606.0 97.7
1803 618 606.0 91.2
1137 1804 88.9 13.7
1804 1137 88.9 16.2
977 978 20.0 1.3
978 977 20.0 1.3
1015 1807 316.3 54.5
1807 1015 316.3 54.5
1412 360 261.1 38.8
360 1412 261.1 41.3
1685 1808 12.1 1.8
1808 1685 12.1 1.8
1151 1152 191.6 10.7
1152 1151 191.6 10.7
1247 1316 106.1 15.3
1316 1247 106.1 15.3
1809 1811 8.8 0.5
1811 1809 8.8 0.5
1756 1812 1298.7 149.5
1812 1756 2655.3 259.7
1813 1814 41.4 2.1
1814 1813 41.4 2.1
100 1815 232.5 32.7
1815 100 232.5 29.5
851 1816 28.9 2.6
1816 851 28.9 2.6
1140 1817 768.7 64.9
1817 1140 375.8 44.8
1818 1819 78.4 12.9
1819 1818 78.4 16.0
1820 1821 64.9 9.3
1821 1820 64.9 9.9
1823 218 278.5 31.7
218 1823 278.5 34.5
850 1824 94.2 13.5
1824 850 94.2 13.5
1827 1826 5.7 0.8
1826 1827 5.7 0.8
204 202 80.4 11.6
202 204 80.4 11.6
192 733 61.9 19.3
733 192 61.9 13.2
1832 369 1007.6 93.2
369 1832 1007.6 92.2
847 754 539.5 79.5
754 847 539.5 82.8
434 431 727.8 68.6
431 434 727.8 71.9
666 1835 43.6 6.2
1835 666 43.6 6.2
481 504 1190.2 69.7
504 481 1190.2 67.5
1839 621 142.2 22.2
621 1839 142.2 25.3
723 724 432.9 62.3
724 723 432.9 62.2
764 775 169.6 15.8
775 764 169.6 16.7
828 1844 267.2 38.7
1844 828 267.2 38.7
821 1845 2581.8 298.7
1845 821 2581.8 292.1
1033 987 295.6 44.2
987 1033 295.6 47.2
1033 1846 117.0 16.7
1846 1033 117.0 16.7
1846 1847 141.1 20.4
1847 1846 141.1 20.4
1846 1848 372.9 55.6
1848 1846 372.9 58.9
1 710 3672.6 486.3
710 1 3672.6 475.6
636 637 438.0 71.3
637 636 438.0 71.3
1290 915 149.9 29.9
915 1290 149.9 23.6
1851 665 45.0 6.5
665 1851 45.0 6.5
1618 1853 140.4 25.4
1853 1618 140.4 22.1
1371 1364 492.7 71.2
1364 1371 492.7 71.1
1431 1855 190.5 45.8
1855 1431 190.5 45.8
856 769 684.1 61.5
769 856 684.1 61.5
1003 528 481.1 24.6
528 1003 481.1 24.6
1131 1123 150.1 21.6
1123 1131 150.1 21.6
93 151 173.7 25.1
151 93 173.7 25.1
1867 1868 277.2 51.0
1868 1867 277.2 44.4
1860 1869 3.1 0.1
1869 1860 45252.9 1906.9
1456 1876 2184.5 314.6
1876 1456 2184.5 314.6
730 778 65.7 9.4
778 730 65.7 9.4
730 1877 156.2 22.5
1877 730 156.2 22.5
1823 1827 339.7 41.1
1827 1823 339.7 37.0
531 1823 99.0 4.9
1823 531 99.0 4.9
495 491 1151.3 169.7
491 495 1151.3 166.7
482 1882 46.2 6.7
1882 482 46.2 6.7
515 1883 636.4 91.6
1883 515 636.4 91.6
515 1884 759.3 114.9
1884 515 759.3 111.3
1884 1883 168.7 29.3
1883 1884 168.7 26.3
1229 1885 174.2 27.1
1885 1229 174.2 30.4
351 1885 382.3 59.6
1885 351 412.7 61.0
670 683 555.8 80.0
683 670 555.8 80.0
1157 1193 196.1 28.4
1193 1157 196.1 28.4
1894 1132 8.9 1.3
1132 1894 8.9 1.3
1755 1895 804.7 123.3
1895 1755 804.7 118.0
1758 1677 278.7 39.8
1677 1758 278.7 39.8
712 1896 430.4 62.0
1896 712 430.4 62.0
906 910 326.4 56.5
910 906 326.4 50.2
1739 1897 111.4 40.2
1897 1739 111.4 40.2
1898 627 1000.0 120.5
627 1898 1000.0 123.8
596 1900 77.9 12.9
1900 596 77.9 16.1
1902 1903 72.2 10.4
1903 1902 72.2 10.4
1904 4 0.0 0.0
4 1904 0.0 0.0
1904 1905 366.2 45.3
1905 1904 366.2 47.9
1023 1024 304.5 48.8
1024 1023 304.5 50.8
1907 1024 74.0 10.6
1024 1907 74.0 10.6
38 181 109.1 18.0
181 38 109.1 21.3
1912 1909 100.5 21.1
1909 1912 100.5 18.4
1199 1197 65.2 9.4
1197 1199 65.2 12.2
1279 1297 279.4 40.2
1297 1279 279.4 40.2
1228 1915 314.1 46.3
1915 1228 314.1 48.9
714 715 3239.0 347.8
715 714 3239.0 343.0
1919 1920 97.0 8.8
1920 1919 97.0 8.8
126 1921 391.8 57.6
1921 126 391.8 56.7
1036 922 150.2 21.6
922 1036 150.2 21.6
1326 536 338.5 58.7
536 1326 338.5 61.9
1326 1923 412.9 101.6
1923 1326 341.6 89.0
952 1902 70.8 10.2
1902 952 70.8 10.2
980 881 576.4 88.6
881 980 576.4 85.3
881 596 6.2 0.8
596 881 6.2 0.8
1324 1337 28.3 1.5
1337 1324 620.4 54.0
1338 902 96.9 4.9
902 1338 551.7 50.6
418 402 264.8 41.1
402 418 264.8 44.3
1930 1931 1213.4 192.4
1931 1930 1213.4 189.3
661 1932 247.6 35.6
1932 661 247.6 35.6
1932 1933 254.7 36.6
1933 1932 254.7 36.6
1933 574 238.0 36.4
574 1933 238.0 39.7
1932 1933 254.7 36.6
1933 1932 254.7 36.6
675 583 748.4 149.5
583 675 748.4 149.5
1935 1936 551.2 135.4
1936 1935 551.2 137.7
1939 1940 321.0 59.1
1940 1939 321.0 53.9
1002 1493 144.0 7.3
1493 1002 144.0 7.3
1211 1941 310.7 48.4
1941 1211 310.7 54.7
1179 1852 459.0 66.3
1852 1179 459.0 66.3
970 973 133.1 19.1
973 970 133.1 19.1
965 970 460.8 70.7
970 965 546.0 70.9
1952 1650 111.4 5.8
1650 1952 111.4 5.8
607 664 515.2 73.9
664 607 515.2 70.7
663 1954 174.7 9.0
1954 663 174.7 9.0
479 928 1244.7 112.8
928 479 1244.7 112.8
534 1956 122.0 6.3
1956 534 122.0 6.3
1958 1962 0.0 0.0
1962 1958 0.0 0.0
519 1963 14.4 2.0
1963 519 14.4 2.0
1968 1969 298.6 43.0
1969 1968 298.6 43.0
1202 1968 21.1 3.0
1968 1202 21.1 3.0
530 542 148.4 8.5
542 530 148.4 7.9
510 739 62.8 3.4
739 510 62.8 3.4
1158 1973 1268.4 182.7
1973 1158 1268.4 182.7
1158 1974 821.9 118.4
1974 1158 821.9 118.4
1975 1674 0.0 0.0
1674 1975 0.0 0.0
1841 1318 372.8 72.9
1318 1841 372.8 76.1
1318 1977 540.5 93.2
1977 1318 540.5 83.5
1980 1927 507.6 81.9
1927 1980 507.6 85.3
518 535 413.1 37.1
535 518 413.1 37.1
1859 1894 390.3 64.3
1894 1859 390.3 68.4
1931 918 760.6 100.7
918 1931 760.6 110.4
1931 1984 3.0 0.5
1984 1931 3.0 0.5
487 1337 1025.5 104.4
1337 487 2731.3 202.1
1942 75 249.9 35.9
75 1942 249.9 35.9
1987 1887 430.8 38.7
1887 1987 430.8 38.7
1988 1987 10.1 0.9
1987 1988 10.1 0.9
1649 1952 295.4 15.1
1952 1649 295.4 15.1
1992 1993 15.0 2.1
1993 1992 15.0 2.1
1994 1323 259.0 13.2
1323 1994 654.7 56.2
1996 1995 69.0 6.2
1995 1996 69.0 6.2
1995 1997 371.9 45.3
1997 1995 371.9 51.5
2001 2002 3224.3 481.6
2002 2001 3251.0 490.4
2003 2004 308.5 44.2
2004 2003 308.5 44.2
864 863 205.4 29.6
863 864 205.4 29.6
245 240 108.2 22.6
240 245 108.2 20.1
2008 2009 16.5 2.3
2009 2008 16.5 2.3
1895 2010 1923.1 280.6
2010 1895 1923.1 288.9
1714 2013 3241.2 396.7
2013 1714 3241.2 409.6
648 628 556.8 57.8
628 648 556.8 55.0
685 684 971.3 102.9
684 685 971.3 109.1
685 2017 176.7 25.5
2017 685 176.7 25.5
2018 1424 749.2 107.6
1424 2018 749.2 107.6
484 604 408.6 58.8
604 484 408.6 58.8
630 619 765.5 74.2
619 630 765.5 77.0
630 2020 172.7 24.9
2020 630 172.7 24.9
2024 2025 126.9 32.5
2025 2024 320.1 77.9
2025 2026 86.2 20.7
2026 2025 86.2 20.6
1115 1319 147.9 9.6
1319 1115 147.9 9.6
342 2027 374.4 55.9
2027 342 374.4 59.5
765 2028 405.8 60.4
2028 765 405.8 63.7
467 1944 310.1 42.2
1944 467 310.1 45.0
793 2031 292.7 36.3
2031 793 292.7 41.6
2031 2032 216.9 35.2
2032 2031 216.9 37.9
1088 1091 197.3 39.2
1091 1088 197.3 32.6
1094 1095 100.9 15.9
1095 1094 100.9 19.0
1293 1303 130.9 18.9
1303 1293 130.9 19.2
1376 2018 2122.5 306.7
2018 1376 2122.5 303.7
2038 2042 106.1 17.4
2042 2038 106.1 20.7
2042 2038 106.1 20.7
2038 2042 106.1 17.4
2043 2044 1845.9 615.2
2044 2043 1845.9 612.2
2045 2046 33284.9 1445.9
2046 2045 1738.7 69.5
2048 2045 34829.0 1507.6
2045 2048 194.6 7.8
2050 2049 89.5 18.5
2049 2050 307.4 54.1
2046 2052 32883.5 1429.8
2052 2046 2140.1 85.6
2059 2060 1234.0 177.9
2060 2059 1234.0 178.1
2061 2059 66.7 9.6
2059 2061 66.7 9.6
2065 2061 828.1 118.7
2061 2065 828.1 120.2
2067 2065 374.8 24.3
2065 2067 374.8 24.3
2067 2061 1002.8 124.8
2061 2067 1002.8 124.5
2074 2072 772.4 116.4
2072 2074 772.4 113.8
2076 2077 136.5 8.9
2077 2076 136.5 8.9
2078 2075 1041.4 361.5
2075 2078 1041.4 358.5
2078 2079 133.8 8.8
2079 2078 133.8 8.8
2081 2080 36037.3 1540.4
2080 2081 12961.6 597.1
2085 2086 289.6 30.0
2086 2085 289.6 31.8
2088 2085 234.4 37.3
2085 2088 234.4 34.7
2093 2092 12468.8 562.9
2092 2093 242.6 24.8
2093 2091 113.8 7.5
2091 2093 113.8 7.5
2094 2095 113.7 40.9
2095 2094 113.7 40.9
2044 2096 141.4 7.2
2096 2044 141.4 7.2
2097 2098 899.5 129.6
2098 2097 899.5 129.6
2047 2101 419.6 60.6
2101 2047 419.6 60.4
2103 2102 264.3 60.1
2102 2103 264.3 58.9
2104 2105 801.8 86.3
2105 2104 1069.3 100.7
2109 2103 1205.3 127.6
2103 2109 1205.3 123.6
2115 2116 666.8 67.9
2116 2115 25.8 1.6
2119 2120 271.5 39.0
2120 2119 271.5 39.0
2121 2047 368.1 53.1
2047 2121 368.1 53.1
2122 2123 1496.0 219.3
2123 2122 1496.0 216.1
2125 2126 61.2 14.1
2126 2125 61.2 10.9
2127 2128 337.1 48.5
2128 2127 337.1 48.5
2134 2135 675.7 97.3
2135 2134 675.7 97.3
2138 2136 117.4 7.7
2136 2138 117.4 7.7
2141 2142 141.8 20.2
2142 2141 141.8 20.2
2147 2144 120.0 17.4
2144 2147 120.0 17.4
2148 2149 153.9 25.5
2149 2148 153.9 23.0
2151 2150 129.9 21.0
2150 2151 129.9 24.2
2126 2152 30.0 4.3
2152 2126 30.0 4.3
2155 2156 287.9 41.6
2156 2155 287.9 41.6
2157 2155 196.1 34.4
2155 2157 196.1 31.2
2157 2151 220.7 38.5
2151 2157 220.7 34.1
2162 2163 257.2 37.8
2163 2162 242.8 36.0
2162 2161 145.4 13.0
2161 2162 145.4 13.0
2166 2165 169.7 35.1
2165 2166 169.7 28.5
2170 2168 92.8 16.5
2168 2170 92.8 13.3
2171 2172 106.0 20.7
2172 2171 106.0 17.4
2179 2171 125.5 18.1
2171 2179 125.5 18.1
2181 2180 7.6 1.0
2180 2181 7.6 1.0
2182 2179 123.8 23.1
2179 2182 123.8 19.8
2183 2177 185.7 35.9
2177 2183 185.7 29.4
2184 2178 123.7 17.8
2178 2184 123.7 17.8
2184 2181 166.5 28.2
2181 2184 166.5 21.6
2185 2179 130.7 18.8
2179 2185 130.7 18.8
2186 2183 100.6 19.9
2183 2186 100.6 16.6
2189 2185 100.9 14.5
2185 2189 100.9 14.5
2190 2186 110.5 15.9
2186 2190 110.5 15.9
2191 2187 163.1 21.4
2187 2191 163.1 18.1
2194 2191 176.8 22.2
2191 2194 176.8 18.9
2199 2200 229.0 22.6
2200 2199 229.0 19.9
2204 2205 124.7 17.9
2205 2204 124.7 17.9
2211 2202 172.8 38.1
2202 2211 172.8 31.5
2212 2203 125.2 18.0
2203 2212 125.2 18.0
2212 2208 171.3 35.4
2208 2212 171.3 28.8
2215 2212 175.7 35.8
2212 2215 175.7 29.2
2216 2214 154.3 19.5
2214 2216 154.3 17.1
2217 2211 115.9 22.0
2211 2217 115.9 18.7
2218 2219 131.1 24.5
2219 2218 131.1 21.2
2220 2221 203.2 34.4
2221 2220 203.2 31.2
2222 2217 126.2 18.3
2217 2222 126.2 18.3
2225 2222 279.6 62.5
2222 2225 279.6 52.7
2225 2226 277.8 62.6
2226 2225 277.8 52.8
2232 2225 298.1 62.6
2225 2232 298.1 62.6
2234 2230 181.8 31.6
2230 2234 181.8 28.3
2234 2228 123.6 17.9
2228 2234 123.6 17.9
2235 2227 131.0 18.9
2227 2235 131.0 18.9
2235 2231 179.0 36.4
2231 2235 179.0 29.9
2236 2235 180.0 36.5
2235 2236 180.0 30.0
2239 2237 67.3 9.6
2237 2239 67.3 9.6
2241 2242 64.8 9.3
2242 2241 64.8 9.3
2243 2241 170.0 34.5
2241 2243 170.0 28.1
2245 2238 232.7 44.1
2238 2245 232.7 37.5
2247 2244 180.3 31.0
2244 2247 180.3 27.8
2253 2252 56.3 9.2
2252 2253 56.3 6.4
2254 2253 90.4 14.8
2253 2254 90.4 11.6
2257 2254 160.1 25.5
2254 2257 160.1 19.4
2260 2261 174.3 35.3
2261 2260 174.3 28.8
2262 2263 143.0 20.5
2263 2262 143.0 20.5
2265 2260 239.3 38.2
2260 2265 198.6 36.0
2266 2267 88.7 12.8
2267 2266 88.7 12.8
2268 2269 112.9 16.2
2269 2268 112.9 16.2
2273 2272 190.7 31.5
2272 2273 190.7 38.1
2274 2262 152.8 22.1
2262 2274 152.8 22.1
2274 2273 194.6 32.1
2273 2274 194.6 38.7
2275 2271 43.1 6.2
2271 2275 43.1 6.2
2276 2271 94.4 19.2
2271 2276 94.4 15.9
2278 2279 610.9 88.6
2279 2278 610.9 91.9
2280 2268 428.4 66.9
2268 2280 428.4 63.7
2281 2276 115.0 16.5
2276 2281 115.0 16.5
2282 2277 261.6 62.8
2277 2282 261.6 62.8
2283 2277 231.4 42.5
2277 2283 231.4 39.2
2284 2285 593.7 90.5
2285 2284 593.7 87.2
2289 2290 9.6 1.4
2290 2289 9.6 1.4
2066 2291 506.9 33.3
2291 2066 506.9 33.3
2090 2078 825.7 54.2
2078 2090 825.7 54.2
2298 2299 259.3 21.1
2299 2298 259.3 17.9
2149 2300 239.9 34.6
2300 2149 239.9 34.6
2301 2110 308.5 46.2
2110 2301 308.8 52.2
2251 2308 58.5 11.1
2308 2251 58.5 14.4
2315 2094 1591.6 573.2
2094 2315 1591.6 573.2
2312 2316 437.9 157.8
2316 2312 437.9 157.8
2317 2318 116.5 28.0
2318 2317 116.5 28.0
2319 2320 897.7 142.3
2320 2319 897.7 146.2
2077 2295 254.1 16.6
2295 2077 254.1 16.6
2322 2323 234.6 33.8
2323 2322 234.6 33.8
2324 2325 90.9 13.4
2325 2324 90.9 14.0
2326 2324 118.7 23.9
2324 2326 118.7 20.1
2325 2326 27.7 4.0
2326 2325 27.7 4.0
2332 2331 173.8 24.9
2331 2332 173.8 24.9
2333 2334 256.4 37.0
2334 2333 256.4 37.0
2291 2335 318.8 52.5
2335 2291 318.8 50.7
2336 2337 156.6 22.5
2337 2336 156.6 22.5
2338 2072 165.7 10.7
2072 2338 165.7 10.7
2339 2338 402.3 60.4
2338 2339 402.3 57.1
2340 2343 1709.9 615.6
2343 2340 1709.9 615.6
2344 2338 566.6 37.2
2338 2344 566.6 37.2
2316 2345 417.3 150.5
2345 2316 417.3 150.4
2316 2346 862.5 310.4
2346 2316 862.5 310.4
2345 2315 1331.6 482.1
2315 2345 1331.6 480.0
2345 2347 435.2 156.7
2347 2345 435.2 156.7
2206 2350 224.2 37.8
2350 2206 224.2 34.5
2204 2304 55.6 8.0
2304 2204 55.6 8.0
2354 2355 117.3 16.9
2355 2354 117.3 16.9
2355 2239 774.2 111.3
2239 2355 774.2 111.3
2358 2306 124.0 21.9
2306 2358 124.0 28.5
2106 2102 284.1 14.4
2102 2106 284.1 14.4
2368 2369 466.6 37.2
2369 2368 466.6 34.6
2095 2376 1.2 0.4
2376 2095 1.2 0.4
2095 2378 354.5 63.1
2378 2095 354.5 63.1
2095 2379 169.8 42.7
2379 2095 169.8 47.4
2381 2382 268.0 38.6
2382 2381 268.0 38.6
2384 2385 232.3 41.3
2385 2384 232.3 41.7
2384 2386 354.7 124.8
2386 2384 354.7 125.2
2386 2385 587.0 166.5
2385 2386 587.0 166.5
2392 2393 20.0 2.9
2393 2392 20.0 2.9
2394 2395 57.2 10.3
2395 2394 57.2 13.6
2396 2397 71.6 14.0
2397 2396 71.6 11.3
2147 2399 176.0 30.8
2399 2147 176.0 27.5
2400 2163 744.2 112.2
2163 2400 744.2 105.6
2164 2154 8.5 0.5
2154 2164 8.5 0.5
2221 2215 174.0 35.5
2215 2221 174.0 29.0
2283 2408 614.8 96.7
2408 2283 614.8 95.8
2409 2275 277.3 55.0
2275 2409 277.3 49.1
2409 2410 173.9 40.2
2410 2409 173.9 34.3
2412 2265 61.7 10.3
2265 2412 61.7 9.2
2241 2246 55.5 9.9
2246 2241 55.5 13.2
2266 2413 96.0 13.9
2413 2266 96.0 13.9
2272 2414 203.6 29.2
2414 2272 203.6 29.2
2415 2416 429.5 69.9
2416 2415 429.5 64.6
2417 2311 41.7 2.2
2311 2417 41.7 2.2
2417 2418 15.8 0.7
2418 2417 15.8 0.7
2418 2420 31.3 1.5
2420 2418 31.3 1.5
2420 2421 238.2 28.4
2421 2420 238.2 26.1
2424 2425 116.5 16.7
2425 2424 116.5 16.8
2427 2428 104.7 6.5
2428 2427 104.7 6.5
2431 2432 105.0 16.1
2432 2431 105.0 12.8
2434 2435 12.8 3.1
2435 2434 12.8 3.1
2192 2439 98.3 14.3
2439 2192 98.3 14.3
2300 2441 184.8 26.6
2441 2300 184.8 26.6
2300 2442 142.6 20.6
2442 2300 142.6 20.6
2124 2445 274.3 39.4
2445 2124 274.3 39.4
2222 2446 127.9 23.8
2446 2222 127.9 20.5
2446 2224 124.8 18.0
2224 2446 124.8 18.0
2446 2227 133.1 21.3
2227 2446 133.1 24.6
2424 2453 102.0 14.7
2453 2424 102.0 14.7
2360 2461 144.1 23.2
2461 2360 144.1 25.5
2462 2463 0.0 0.0
2463 2462 0.0 0.0
2270 2412 69.3 10.1
2412 2270 69.3 10.1
2261 2309 103.7 21.2
2309 2261 103.7 17.9
2464 2465 34.4 4.9
2465 2464 34.4 4.9
2466 2467 199.0 30.7
2467 2466 199.0 34.0
2146 2470 43.8 8.0
2470 2146 43.8 11.1
2142 2472 94.3 13.8
2472 2142 94.3 13.8
2142 2141 141.8 20.2
2141 2142 141.8 20.2
2286 2331 147.7 17.5
2331 2286 147.7 14.2
2462 2475 193.6 27.9
2475 2462 193.6 27.9
2359 2460 10.0 1.6
2460 2359 10.0 1.6
2406 2404 101.2 23.6
2404 2406 101.2 23.5
2480 2481 570.1 82.1
2481 2480 570.1 82.0
2248 2429 244.6 35.2
2429 2248 244.6 35.2
2483 2484 450.1 41.4
2484 2483 729.5 60.0
2210 2456 11.1 1.6
2456 2210 11.1 1.6
2399 2489 0.0 0.0
2489 2399 0.0 0.0
2375 2490 103.4 27.0
2490 2375 103.4 25.4
2419 2417 8.3 0.3
2417 2419 8.3 0.3
2493 2500 55.1 8.0
2500 2493 55.1 8.0
2389 2390 49.0 7.0
2390 2389 49.0 7.0
2320 2318 1390.4 201.8
2318 2320 1390.4 204.3
2473 2148 409.5 59.1
2148 2473 409.5 59.1
2207 2351 115.3 21.6
2351 2207 115.3 18.4
2242 2234 70.7 10.1
2234 2242 70.7 10.1
2071 2292 235.6 19.2
2292 2071 235.6 22.5
2324 2087 11.2 1.6
2087 2324 11.2 1.6
2334 2053 280.8 40.5
2053 2334 280.8 40.5
2285 2278 91.0 8.4
2278 2285 91.0 8.4
2432 2430 0.0 0.0
2430 2432 0.0 0.0
