61 57 42.5 6.3
66 65 87.2 20.5
65 66 87.2 16.0
73 74 111.3 10.0
74 73 111.3 10.0
75 76 51.1 7.4
76 75 51.1 7.4
77 78 243.1 35.0
78 77 243.1 35.0
82 83 75.7 10.9
83 82 75.7 10.9
84 85 807.7 123.1
85 84 807.7 122.5
68 69 197.5 17.8
69 68 197.5 17.8
69 86 205.2 18.5
86 69 205.2 18.5
67 66 303.5 37.6
66 67 303.5 31.1
66 65 87.2 20.5
65 66 87.2 16.0
87 88 634.7 59.1
88 87 634.7 62.3
91 92 633.2 60.1
92 91 633.2 63.4
94 95 52.4 4.6
95 94 52.4 4.6
99 94 686.4 84.9
94 99 686.4 81.6
101 102 339.6 44.7
102 101 339.6 39.6
73 103 216.4 23.2
103 73 216.4 21.0
103 104 49.8 12.0
104 103 49.8 9.5
105 106 1312.8 189.2
106 105 1312.8 189.1
92 107 1625.9 239.7
107 92 1625.9 236.4
80 108 979.7 141.0
108 80 979.7 141.0
88 91 1892.6 173.0
91 88 1892.6 176.3
113 88 87.2 12.6
88 113 87.2 12.6
56 57 46.7 7.8
57 56 46.7 10.4
122 123 298.0 43.0
123 122 298.0 43.0
124 91 1797.9 261.7
91 124 1797.9 258.9
89 124 219.7 31.5
124 89 219.7 31.5
124 89 219.7 31.5
89 124 219.7 31.5
126 127 24.3 3.4
127 126 24.3 3.4
128 73 495.6 44.5
73 128 495.6 44.5
102 72 589.8 61.1
72 102 589.8 61.1
61 131 86.7 12.3
131 61 86.7 12.3
61 132 28.1 3.9
132 61 28.1 3.9
133 134 175.0 25.2
134 133 175.0 25.2
138 139 157.0 22.6
139 138 157.0 22.6
140 141 449.0 64.7
141 140 449.0 64.7
86 146 210.6 35.7
146 86 210.6 32.8
149 117 172.5 24.8
117 149 172.5 24.8
130 150 82.7 12.1
150 130 82.7 12.0
151 116 1470.2 211.7
116 151 1470.2 211.7
153 52 184.8 27.1
52 153 184.8 28.9
118 60 264.9 24.0
60 118 264.9 24.0
157 158 690.1 99.2
158 157 690.1 99.2
159 160 522.9 79.5
160 159 522.9 76.7
161 162 686.1 98.7
162 161 686.1 98.7
164 165 213.6 30.8
165 164 213.6 30.8
166 167 39.9 8.8
167 166 39.9 6.5
168 169 133.9 5.3
169 168 45122.1 1901.7
171 172 149.8 21.6
172 171 149.8 21.6
171 173 181.9 27.1
173 171 181.9 29.5
173 172 287.9 41.4
172 173 287.9 41.6
173 174 625.3 90.0
174 173 625.3 90.0
175 176 143.6 20.5
176 175 143.6 20.5
180 181 128.3 21.7
181 180 128.3 24.7
182 183 2186.5 318.3
183 182 2186.5 320.8
182 162 1281.3 121.9
162 182 1281.3 118.6
199 200 612.6 61.0
200 199 612.6 57.7
203 204 122.6 17.6
204 203 122.6 17.5
164 165 213.6 30.8
165 164 213.6 30.8
187 189 1986.1 291.5
189 187 1986.1 292.5
188 187 30.2 4.6
187 188 30.2 5.8
212 206 30.6 4.4
206 212 30.6 4.4
155 214 44640.3 1882.4
214 155 615.6 24.6
215 216 974.5 140.2
216 215 974.5 140.2
205 217 664.8 95.5
217 205 664.8 95.5
214 154 43877.8 1852.0
154 214 1378.1 55.0
220 221 126.0 22.0
221 220 126.0 19.2
229 230 153.6 22.0
230 229 153.6 22.0
243 244 471.1 67.8
244 243 471.1 67.8
234 245 434.8 62.4
245 234 434.8 62.4
240 246 1.6 0.2
246 240 1.6 0.2
250 251 175.1 25.2
251 250 175.1 22.9
256 220 1083.2 159.8
220 256 1083.2 156.5
257 258 77.4 11.1
258 257 77.4 11.1
259 260 894.2 70.6
260 259 894.2 65.6
264 263 420.3 61.9
263 264 420.3 61.0
262 265 2770.0 399.1
265 262 2770.0 399.1
266 267 365.2 131.5
267 266 365.2 131.5
273 274 292.7 19.2
274 273 292.7 19.2
242 252 129.9 20.1
252 242 129.9 19.8
188 211 1054.3 151.8
211 188 1054.3 151.8
278 279 44553.7 1878.8
279 278 702.3 28.2
269 243 1447.1 213.0
243 269 1447.1 215.3
246 273 150.7 27.0
273 246 150.7 21.6
285 257 290.6 47.0
257 285 290.6 43.7
221 289 324.3 46.8
289 221 324.3 46.8
290 291 0.0 0.0
291 290 0.0 0.0
292 293 94.7 13.7
293 292 94.7 13.7
294 295 324.2 46.6
295 294 324.2 46.6
297 298 443.2 63.9
298 297 443.2 63.9
299 300 175.1 66.5
300 299 175.1 69.5
298 301 329.1 47.3
301 298 329.1 47.3
304 305 212.3 31.5
305 304 212.3 34.2
308 309 361.8 52.1
309 308 361.8 52.1
310 311 959.5 86.3
311 310 959.5 86.3
312 313 88.6 12.7
313 312 88.6 15.2
314 315 235.4 34.0
315 314 235.4 34.0
304 321 118.8 10.8
321 304 118.8 10.8
306 322 36.3 3.2
322 306 36.3 3.2
323 306 157.1 14.1
306 323 157.1 14.1
324 308 580.6 61.4
308 324 580.6 57.7
317 325 28.5 2.6
325 317 28.5 2.6
324 326 266.2 24.0
326 324 266.2 24.0
321 17 1172.1 105.7
17 321 1172.1 105.7
332 310 312.0 28.1
310 332 312.0 28.1
309 335 1899.9 220.8
335 309 1899.9 231.1
325 336 256.1 42.6
336 325 256.1 39.6
330 323 450.0 48.2
323 330 450.0 45.5
326 340 200.0 28.7
340 326 200.0 28.4
308 341 257.6 37.0
341 308 257.6 37.0
328 344 335.7 48.3
344 328 335.7 48.3
328 345 129.0 18.6
345 328 129.0 18.6
301 346 66.9 9.6
346 301 66.9 9.6
311 347 170.1 15.4
347 311 170.1 15.4
311 348 29.5 10.2
348 311 29.5 7.0
295 349 253.7 36.6
349 295 253.7 36.6
354 355 21.7 3.0
355 354 21.7 3.0
357 358 134.0 19.4
358 357 134.0 19.4
365 366 852.2 129.3
366 365 852.2 126.3
370 371 897.8 144.2
371 370 897.8 134.7
372 373 52.5 9.5
373 372 52.5 12.8
375 376 696.4 84.2
376 375 696.4 87.5
379 380 701.6 105.1
380 379 701.6 102.2
386 387 843.6 123.6
387 386 843.6 128.1
369 368 306.1 43.3
368 369 306.1 38.8
383 389 939.5 135.9
389 383 939.5 137.6
367 390 45.0 6.4
390 367 45.0 6.4
391 393 165.8 18.5
393 391 165.8 21.7
394 365 2179.0 320.6
365 394 2179.0 318.7
365 395 2768.9 398.3
395 365 2768.9 398.3
396 363 195.0 28.2
363 396 195.0 28.2
396 397 796.2 119.1
397 396 796.2 121.4
398 399 834.7 127.1
399 398 834.7 126.8
385 384 849.0 122.3
384 385 849.0 122.3
374 386 358.4 56.9
386 374 358.4 53.6
264 260 707.2 101.9
260 264 707.2 101.9
185 186 1174.1 170.5
186 185 1174.1 169.3
200 82 260.2 39.2
82 200 260.2 35.5
364 362 1112.6 160.2
362 364 1112.6 160.2
204 202 80.4 11.6
202 204 80.4 11.6
93 151 173.7 25.1
151 93 173.7 25.1
38 181 109.1 18.0
181 38 109.1 21.3
245 240 108.2 22.6
240 245 108.2 20.1
