61 57 42.5 6.3
66 65 87.2 20.5
65 66 87.2 16.0
73 74 111.3 10.0
74 73 111.3 10.0
75 76 51.1 7.4
76 75 51.1 7.4
77 78 243.1 35.0
78 77 243.1 35.0
82 83 75.7 10.9
83 82 75.7 10.9
84 85 807.7 123.1
85 84 807.7 122.5
68 69 197.5 17.8
69 68 197.5 17.8
69 86 205.2 18.5
86 69 205.2 18.5
67 66 303.5 37.6
66 67 303.5 31.1
66 65 87.2 20.5
65 66 87.2 16.0
87 88 634.7 59.1
88 87 634.7 62.3
91 92 633.2 60.1
92 91 633.2 63.4
94 95 52.4 4.6
95 94 52.4 4.6
99 94 686.4 84.9
94 99 686.4 81.6
101 102 339.6 44.7
102 101 339.6 39.6
73 103 216.4 23.2
103 73 216.4 21.0
103 104 49.8 12.0
104 103 49.8 9.5
105 106 1312.8 189.2
106 105 1312.8 189.1
92 107 1625.9 239.7
107 92 1625.9 236.4
80 108 979.7 141.0
108 80 979.7 141.0
88 91 1892.6 173.0
91 88 1892.6 176.3
113 88 87.2 12.6
88 113 87.2 12.6
56 57 46.7 7.8
57 56 46.7 10.4
122 123 298.0 43.0
123 122 298.0 43.0
124 91 1797.9 261.7
91 124 1797.9 258.9
89 124 219.7 31.5
124 89 219.7 31.5
124 89 219.7 31.5
89 124 219.7 31.5
126 127 24.3 3.4
127 126 24.3 3.4
128 73 495.6 44.5
73 128 495.6 44.5
102 72 589.8 61.1
72 102 589.8 61.1
61 131 86.7 12.3
131 61 86.7 12.3
61 132 28.1 3.9
132 61 28.1 3.9
133 134 175.0 25.2
134 133 175.0 25.2
138 139 157.0 22.6
139 138 157.0 22.6
140 141 449.0 64.7
141 140 449.0 64.7
86 146 210.6 35.7
146 86 210.6 32.8
149 117 172.5 24.8
117 149 172.5 24.8
130 150 82.7 12.1
150 130 82.7 12.0
151 116 1470.2 211.7
116 151 1470.2 211.7
153 52 184.8 27.1
52 153 184.8 28.9
118 60 264.9 24.0
60 118 264.9 24.0
157 158 690.1 99.2
158 157 690.1 99.2
159 160 522.9 79.5
160 159 522.9 76.7
161 162 686.1 98.7
162 161 686.1 98.7
164 165 213.6 30.8
165 164 213.6 30.8
166 167 39.9 8.8
167 166 39.9 6.5
168 169 133.9 5.3
169 168 45122.1 1901.7
171 172 149.8 21.6
172 171 149.8 21.6
171 173 181.9 27.1
173 171 181.9 29.5
173 172 287.9 41.4
172 173 287.9 41.6
173 174 625.3 90.0
174 173 625.3 90.0
175 176 143.6 20.5
176 175 143.6 20.5
180 181 128.3 21.7
181 180 128.3 24.7
182 183 2186.5 318.3
183 182 2186.5 320.8
182 162 1281.3 121.9
162 182 1281.3 118.6
199 200 612.6 61.0
200 199 612.6 57.7
203 204 122.6 17.6
204 203 122.6 17.5
164 165 213.6 30.8
165 164 213.6 30.8
187 189 1986.1 291.5
189 187 1986.1 292.5
188 187 30.2 4.6
187 188 30.2 5.8
212 206 30.6 4.4
206 212 30.6 4.4
155 214 44640.3 1882.4
214 155 615.6 24.6
215 216 974.5 140.2
216 215 974.5 140.2
205 217 664.8 95.5
217 205 664.8 95.5
214 154 43877.8 1852.0
154 214 1378.1 55.0
220 221 126.0 22.0
221 220 126.0 19.2
229 230 153.6 22.0
230 229 153.6 22.0
243 244 471.1 67.8
244 243 471.1 67.8
234 245 434.8 62.4
245 234 434.8 62.4
240 246 1.6 0.2
246 240 1.6 0.2
250 251 175.1 25.2
251 250 175.1 22.9
256 220 1083.2 159.8
220 256 1083.2 156.5
257 258 77.4 11.1
258 257 77.4 11.1
259 260 894.2 70.6
260 259 894.2 65.6
264 263 420.3 61.9
263 264 420.3 61.0
262 265 2770.0 399.1
265 262 2770.0 399.1
266 267 365.2 131.5
267 266 365.2 131.5
273 274 292.7 19.2
274 273 292.7 19.2
242 252 129.9 20.1
252 242 129.9 19.8
188 211 1054.3 151.8
211 188 1054.3 151.8
278 279 44553.7 1878.8
279 278 702.3 28.2
269 243 1447.1 213.0
243 269 1447.1 215.3
246 273 150.7 27.0
273 246 150.7 21.6
285 257 290.6 47.0
257 285 290.6 43.7
221 289 324.3 46.8
289 221 324.3 46.8
290 291 0.0 0.0
291 290 0.0 0.0
292 293 94.7 13.7
293 292 94.7 13.7
294 295 324.2 46.6
295 294 324.2 46.6
297 298 443.2 63.9
298 297 443.2 63.9
299 300 175.1 66.5
300 299 175.1 69.5
298 301 329.1 47.3
301 298 329.1 47.3
304 305 212.3 31.5
305 304 212.3 34.2
308 309 361.8 52.1
309 308 361.8 52.1
310 311 959.5 86.3
311 310 959.5 86.3
312 313 88.6 12.7
313 312 88.6 15.2
314 315 235.4 34.0
315 314 235.4 34.0
304 321 118.8 10.8
321 304 118.8 10.8
306 322 36.3 3.2
322 306 36.3 3.2
323 306 157.1 14.1
306 323 157.1 14.1
324 308 580.6 61.4
308 324 580.6 57.7
317 325 28.5 2.6
325 317 28.5 2.6
324 326 266.2 24.0
326 324 266.2 24.0
321 17 1172.1 105.7
17 321 1172.1 105.7
332 310 312.0 28.1
310 332 312.0 28.1
309 335 1899.9 220.8
335 309 1899.9 231.1
325 336 256.1 42.6
336 325 256.1 39.6
330 323 450.0 48.2
323 330 450.0 45.5
326 340 200.0 28.7
340 326 200.0 28.4
308 341 257.6 37.0
341 308 257.6 37.0
328 344 335.7 48.3
344 328 335.7 48.3
328 345 129.0 18.6
345 328 129.0 18.6
301 346 66.9 9.6
346 301 66.9 9.6
311 347 170.1 15.4
347 311 170.1 15.4
311 348 29.5 10.2
348 311 29.5 7.0
295 349 253.7 36.6
349 295 253.7 36.6
354 355 21.7 3.0
355 354 21.7 3.0
357 358 134.0 19.4
358 357 134.0 19.4
365 366 852.2 129.3
366 365 852.2 126.3
370 371 897.8 144.2
371 370 897.8 134.7
372 373 52.5 9.5
373 372 52.5 12.8
375 376 696.4 84.2
376 375 696.4 87.5
379 380 701.6 105.1
380 379 701.6 102.2
386 387 843.6 123.6
387 386 843.6 128.1
369 368 306.1 43.3
368 369 306.1 38.8
383 389 939.5 135.9
389 383 939.5 137.6
367 390 45.0 6.4
390 367 45.0 6.4
391 393 165.8 18.5
393 391 165.8 21.7
394 365 2179.0 320.6
365 394 2179.0 318.7
365 395 2768.9 398.3
395 365 2768.9 398.3
396 363 195.0 28.2
363 396 195.0 28.2
396 397 796.2 119.1
397 396 796.2 121.4
398 399 834.7 127.1
399 398 834.7 126.8
385 384 849.0 122.3
384 385 849.0 122.3
385 401 373.4 35.5
401 385 373.4 35.2
374 386 358.4 56.9
386 374 358.4 53.6
372 406 249.0 22.4
406 372 249.0 22.4
405 407 967.7 94.1
407 405 967.7 90.8
379 409 1112.5 165.4
409 379 1112.5 162.9
414 415 842.4 75.6
415 414 842.4 75.6
419 420 64.2 9.2
420 419 64.2 9.2
416 422 327.9 29.4
422 416 327.9 29.4
380 423 922.1 132.9
423 380 922.1 132.9
426 427 152.3 28.4
427 426 152.3 28.8
428 429 1515.0 222.7
429 428 1515.0 219.5
399 411 1047.1 151.1
411 399 1047.1 151.1
390 432 97.7 14.1
432 390 97.7 14.1
435 392 1502.1 215.9
392 435 1502.1 215.9
429 436 398.4 57.3
436 429 398.4 57.3
403 430 255.9 40.7
430 403 255.9 43.5
403 440 18.5 2.7
440 403 18.5 2.7
376 441 330.2 47.6
441 376 330.2 47.6
442 414 69.1 10.7
414 442 69.1 13.4
442 443 189.5 52.6
443 442 189.5 52.6
410 445 146.6 20.9
445 410 146.6 20.9
445 446 471.9 68.9
446 445 471.9 68.0
449 450 1619.6 233.3
450 449 1619.6 233.3
395 434 336.6 48.5
434 395 336.6 48.5
453 454 143.9 20.8
454 453 143.9 20.8
448 455 76.7 11.0
455 448 76.7 11.0
447 448 255.7 42.4
448 447 255.7 39.1
459 460 859.7 310.2
460 459 859.7 309.8
461 462 1539.9 235.2
462 461 1539.9 244.4
463 464 16.0 2.3
464 463 16.0 2.3
466 467 993.8 122.1
467 466 993.6 131.3
469 471 589.9 84.9
471 469 589.9 84.9
480 481 1626.0 234.2
481 480 1626.0 234.2
482 483 511.8 89.1
483 482 511.8 95.7
111 486 163.4 26.3
486 111 163.4 24.3
489 490 420.2 40.3
490 489 420.2 43.5
491 492 457.0 65.6
492 491 457.0 65.6
494 495 58.3 8.5
495 494 58.3 8.5
496 210 2764.5 399.2
210 496 2764.5 402.1
496 497 92.0 18.2
497 496 92.0 15.0
510 511 208.1 25.7
511 510 208.1 29.0
512 513 687.8 110.0
513 512 687.8 103.3
517 398 2857.4 425.3
398 517 2857.4 423.9
526 527 1015.3 144.5
527 526 1015.3 145.9
465 481 405.4 26.7
481 465 405.4 28.2
524 465 543.8 30.4
465 524 543.8 33.7
533 523 1795.6 264.1
523 533 1795.6 260.8
490 199 483.7 43.6
199 490 483.7 43.6
492 538 289.2 41.6
538 492 289.2 41.6
538 539 307.8 44.3
539 538 307.8 44.3
516 544 1612.4 232.4
544 516 1612.4 232.4
539 489 85.0 12.2
489 539 85.0 12.2
545 546 354.9 31.9
546 545 354.9 31.9
547 548 206.4 35.4
548 547 206.4 32.1
554 555 660.5 95.0
555 554 660.5 95.0
564 565 891.6 131.5
565 564 891.6 136.0
568 569 563.7 82.0
569 568 563.7 84.2
571 572 6754.0 735.8
572 571 6754.0 728.1
573 574 706.4 101.7
574 573 706.4 101.7
575 576 330.6 47.4
576 575 330.6 47.4
578 579 185.0 16.7
579 578 185.0 16.7
580 581 645.8 93.0
581 580 645.8 93.0
583 584 9408.9 1189.8
584 583 9408.9 1198.4
585 586 393.9 61.9
586 585 393.9 58.6
587 588 30.5 4.3
588 587 30.5 4.3
596 597 29.1 4.2
597 596 29.1 4.2
601 602 4.3 0.6
602 601 4.3 0.6
523 547 1818.7 261.7
547 523 1818.7 261.7
608 609 1499.2 219.4
609 608 1499.2 216.9
610 611 869.9 129.5
611 610 869.9 132.2
551 550 355.6 57.3
550 551 355.6 54.1
615 616 358.0 51.4
616 615 358.0 51.4
617 618 502.6 76.2
618 617 502.6 82.7
558 557 479.3 69.0
557 558 479.3 69.0
557 623 539.0 84.3
623 557 539.0 84.9
623 625 1231.5 176.7
625 623 1231.5 176.7
629 630 312.4 28.8
630 629 312.4 30.5
619 568 124.7 21.8
568 619 124.7 24.6
420 632 188.4 27.2
632 420 188.4 27.2
634 604 222.9 42.2
604 634 222.9 35.6
603 636 0.8 0.1
636 603 0.8 0.1
642 643 1070.9 159.7
643 642 1068.4 158.2
643 595 181.8 31.6
595 643 181.8 28.3
595 171 815.0 122.6
171 595 815.0 119.3
588 645 488.0 70.4
645 588 488.0 70.4
646 175 940.2 135.5
175 646 940.2 135.5
631 647 265.2 23.8
647 631 265.2 23.8
646 177 1305.2 125.3
177 646 1305.2 122.6
650 651 491.7 70.8
651 650 491.7 70.8
652 653 0.0 0.0
653 652 0.0 0.0
612 551 138.9 24.2
551 612 138.9 21.3
654 655 69.3 10.0
655 654 69.3 10.0
649 657 2062.5 299.9
657 649 2062.5 303.1
634 577 819.1 73.8
577 634 819.1 73.8
577 578 292.8 26.1
578 577 292.8 26.1
626 599 411.6 37.1
599 626 411.6 37.1
662 581 76.6 12.4
581 662 76.6 9.2
548 663 1237.2 66.9
663 548 1237.2 64.9
665 666 671.8 96.8
666 665 671.8 96.8
670 671 269.5 38.7
671 670 269.5 38.7
651 598 320.1 55.0
598 651 320.1 55.2
672 673 732.3 105.5
673 672 732.3 105.5
674 675 214.6 42.8
675 674 214.6 42.8
566 567 106.3 15.2
567 566 106.3 15.2
611 678 139.3 20.0
678 611 139.3 20.0
679 629 96.5 8.6
629 679 96.5 8.6
680 605 345.0 86.1
605 680 345.0 86.9
673 598 255.2 52.9
598 673 255.2 51.7
589 587 0.0 0.0
587 589 0.0 0.0
688 689 577.2 83.2
689 688 577.2 83.2
688 654 209.4 40.8
654 688 209.4 34.3
693 694 305.7 50.7
694 693 305.7 47.9
695 696 1015.1 64.3
696 695 1015.1 61.0
698 699 335.3 49.5
699 698 335.3 52.3
702 700 184.7 26.6
700 702 184.7 26.6
721 722 0.0 0.0
722 721 0.0 0.0
223 727 1407.0 99.0
727 223 1407.0 95.7
728 729 332.5 47.7
729 728 332.5 47.7
264 260 707.2 101.9
260 264 707.2 101.9
733 734 138.3 24.8
734 733 138.3 21.6
735 736 817.2 123.7
736 735 817.2 123.8
737 738 710.1 103.1
738 737 710.1 105.5
740 684 635.0 57.1
684 740 635.0 57.1
741 740 31.4 2.8
740 741 31.4 2.8
742 692 24.0 3.4
692 742 24.0 3.4
692 743 146.3 21.0
743 692 146.3 21.0
745 696 181.0 33.8
696 745 181.0 33.5
746 747 164.3 29.2
747 746 164.3 30.8
749 750 104.2 15.5
750 749 104.2 14.8
754 755 23.0 3.4
755 754 23.0 3.4
756 758 45.4 6.5
758 756 45.4 6.5
761 762 1171.3 168.6
762 761 1171.3 168.6
763 764 287.1 41.2
764 763 287.1 41.2
763 765 58.0 14.1
765 763 58.0 10.8
724 769 220.5 34.1
769 724 220.5 37.4
185 186 1174.1 170.5
186 185 1174.1 169.3
737 772 208.4 29.9
772 737 208.4 29.9
773 737 1007.1 145.3
737 773 1007.1 146.1
768 168 7577.2 416.3
168 768 46140.8 2022.9
731 764 490.1 50.2
764 731 490.1 51.6
775 776 70.6 6.3
776 775 70.6 6.3
781 782 153.4 22.1
782 781 153.4 22.1
777 784 168.8 20.2
784 777 168.8 23.0
783 695 783.9 43.3
695 783 783.9 43.3
696 506 91.3 19.7
506 696 91.3 13.5
786 703 191.4 17.3
703 786 191.4 14.0
703 787 624.7 40.9
787 703 624.7 37.6
789 790 45360.9 1895.3
790 789 61693.0 2586.2
796 797 2865.7 115.0
797 796 14224.2 657.9
785 799 120.3 10.7
799 785 120.3 10.7
735 777 1232.1 116.0
777 735 1232.1 120.7
751 802 162.7 23.5
802 751 162.7 23.5
744 745 557.0 80.3
745 744 557.0 80.3
803 804 188.0 16.8
804 803 188.0 16.8
759 805 763.9 110.0
805 759 763.9 110.0
782 810 79.6 11.5
810 782 79.6 11.5
767 813 607.6 87.4
813 767 607.6 87.4
814 815 16566.4 751.8
815 814 523.4 21.1
711 759 286.2 73.1
759 711 286.2 74.0
817 818 0.0 0.0
818 817 0.0 0.0
817 819 0.0 0.0
819 817 0.0 0.0
821 822 8.2 0.5
822 821 8.2 0.5
810 725 177.6 25.6
725 810 177.6 25.6
657 773 93.3 19.1
773 657 93.3 20.5
824 834 24.3 3.5
834 824 24.3 3.5
717 835 27.3 3.9
835 717 27.3 3.9
200 82 260.2 39.2
82 200 260.2 35.5
833 792 160.0 8.7
792 833 160.0 8.7
838 825 362.8 59.4
825 838 362.8 57.3
838 839 134.6 19.3
839 838 134.6 19.3
832 841 383.4 40.4
841 832 383.4 43.7
753 846 25.1 3.6
846 753 25.1 3.7
755 847 562.4 86.2
847 755 562.4 82.9
848 843 54.4 8.0
843 848 54.4 8.7
850 757 429.8 45.7
757 850 429.8 42.6
844 807 1044.8 154.6
807 844 1044.8 151.7
752 850 230.7 25.7
850 752 230.7 22.9
766 811 30.7 4.4
811 766 30.7 4.4
808 854 323.4 48.0
854 808 323.4 51.3
855 201 122.4 22.5
201 855 122.4 24.2
812 860 279.3 53.7
860 812 279.3 48.6
862 863 166.5 24.7
863 862 166.5 26.5
866 867 213.7 38.4
867 866 213.7 33.5
868 748 658.2 102.9
748 868 658.2 104.1
868 869 287.1 43.7
869 868 287.1 47.0
691 872 629.3 91.0
872 691 629.3 92.6
874 816 215.2 19.5
816 874 215.2 19.5
875 876 287.2 41.4
876 875 287.2 41.4
353 877 184.2 14.0
877 353 184.2 14.0
801 879 178.7 25.9
879 801 178.7 25.9
697 786 358.7 51.4
786 697 358.7 51.0
880 881 142.6 21.9
881 880 142.6 24.8
787 882 44.1 2.4
882 787 44.1 2.4
788 749 283.0 23.6
749 788 283.0 22.0
755 847 562.4 86.2
847 755 562.4 82.9
889 890 367.5 59.9
890 889 367.5 57.4
891 892 313.9 45.3
892 891 313.9 45.3
849 894 83.6 12.0
894 849 83.6 12.0
837 687 101.1 9.1
687 837 101.1 9.1
896 897 288.4 41.5
897 896 288.4 41.5
898 899 121.9 17.6
899 898 121.9 17.6
905 906 240.9 41.5
906 905 240.9 34.9
907 909 381.4 58.1
909 907 381.4 61.2
908 109 144.4 7.3
109 908 294.0 43.1
912 913 1590.0 208.5
913 912 1590.0 224.6
913 912 1590.0 224.6
912 913 1590.0 208.5
922 923 183.9 26.5
923 922 183.9 26.5
924 925 291.0 41.9
925 924 291.0 41.9
933 915 31.9 6.8
915 933 31.9 10.1
938 939 403.5 25.4
939 938 1881.4 130.3
925 926 108.8 17.9
926 925 108.8 21.2
945 946 88.3 12.6
946 945 88.3 12.6
947 653 111.7 18.2
653 947 111.7 21.5
947 949 218.2 31.3
949 947 218.2 31.3
946 950 88.9 12.8
950 946 88.9 12.8
946 951 95.0 19.4
951 946 95.0 16.1
950 652 48.6 12.1
652 950 48.6 8.9
949 952 124.3 17.8
952 949 124.3 17.8
954 955 98.2 14.1
955 954 98.2 14.1
961 962 87.2 12.5
962 961 87.2 12.5
963 964 266.8 41.1
964 963 266.8 38.0
965 966 236.2 39.2
966 965 236.2 36.0
971 972 322.8 29.1
972 971 322.8 32.4
978 972 28.2 1.9
972 978 28.2 1.9
981 982 44.5 6.4
982 981 44.5 6.4
985 986 498.2 71.5
986 985 498.2 71.5
986 987 293.7 50.7
987 986 293.7 55.1
988 989 172.2 24.7
989 988 172.2 24.7
993 994 147.3 23.2
994 993 147.3 26.6
994 996 133.3 21.2
996 994 133.3 24.4
993 997 238.3 34.4
997 993 238.3 34.4
997 998 75.9 10.9
998 997 75.9 10.9
1000 999 264.1 44.5
999 1000 264.1 40.9
937 920 55.5 5.1
920 937 55.5 5.1
987 822 287.8 41.5
822 987 287.8 44.7
536 509 233.2 24.5
509 536 233.2 31.0
364 362 1112.6 160.2
362 364 1112.6 160.2
957 960 150.3 13.5
960 957 150.3 13.5
977 978 20.0 1.3
978 977 20.0 1.3
204 202 80.4 11.6
202 204 80.4 11.6
192 733 61.9 19.3
733 192 61.9 13.2
847 754 539.5 79.5
754 847 539.5 82.8
434 431 727.8 68.6
431 434 727.8 71.9
481 504 1190.2 69.7
504 481 1190.2 67.5
723 724 432.9 62.3
724 723 432.9 62.2
764 775 169.6 15.8
775 764 169.6 16.7
1 710 3672.6 486.3
710 1 3672.6 475.6
636 637 438.0 71.3
637 636 438.0 71.3
856 769 684.1 61.5
769 856 684.1 61.5
93 151 173.7 25.1
151 93 173.7 25.1
730 778 65.7 9.4
778 730 65.7 9.4
495 491 1151.3 169.7
491 495 1151.3 166.7
670 683 555.8 80.0
683 670 555.8 80.0
906 910 326.4 56.5
910 906 326.4 50.2
38 181 109.1 18.0
181 38 109.1 21.3
714 715 3239.0 347.8
715 714 3239.0 343.0
980 881 576.4 88.6
881 980 576.4 85.3
881 596 6.2 0.8
596 881 6.2 0.8
418 402 264.8 41.1
402 418 264.8 44.3
675 583 748.4 149.5
583 675 748.4 149.5
970 973 133.1 19.1
973 970 133.1 19.1
965 970 460.8 70.7
970 965 546.0 70.9
607 664 515.2 73.9
664 607 515.2 70.7
479 928 1244.7 112.8
928 479 1244.7 112.8
530 542 148.4 8.5
542 530 148.4 7.9
510 739 62.8 3.4
739 510 62.8 3.4
518 535 413.1 37.1
535 518 413.1 37.1
864 863 205.4 29.6
863 864 205.4 29.6
245 240 108.2 22.6
240 245 108.2 20.1
648 628 556.8 57.8
628 648 556.8 55.0
685 684 971.3 102.9
684 685 971.3 109.1
484 604 408.6 58.8
604 484 408.6 58.8
630 619 765.5 74.2
619 630 765.5 77.0
