1 -86436719.0 32469271.0
2 -86436733.0 32467449.0
3 -86919124.0 32658659.0
4 -86491083.0 32476662.0
5 -86909757.0 32641312.0
6 -86909620.0 32647269.0
7 -86904649.0 32611151.0
8 -86905586.0 32611125.0
9 -86899864.0 32663764.0
10 -86913299.0 32662255.0
11 -86913165.0 32659735.0
12 -86909508.0 32659711.0
13 -86437289.0 32466860.0
14 -86904658.0 32663307.0
15 -86903567.0 32663844.0
16 -86907055.0 32635904.0
17 -86906152.0 32632434.0
18 -86907036.0 32632167.0
19 -86884332.0 32627602.0
20 -86875501.0 32628144.0
21 -86844150.0 32659825.0
22 -86822176.0 32602821.0
23 -86789980.0 32647774.0
24 -86754042.0 32660933.0
25 -86787674.0 32660519.0
26 -86872191.0 32628080.0
27 -86871406.0 32628103.0
28 -86871462.0 32630967.0
29 -86871610.0 32636794.0
30 -86850393.0 32628203.0
31 -86473191.0 32497047.0
32 -86473587.0 32496740.0
33 -86860429.0 32659247.0
34 -86857697.0 32661898.0
35 -86813697.0 32652028.0
36 -86768742.0 32656086.0
37 -86763032.0 32646666.0
38 -86460942.0 32466558.0
39 -86460966.0 32468521.0
40 -86760873.0 32644818.0
41 -86784132.0 32625682.0
42 -86832190.0 32660474.0
43 -86834074.0 32660835.0
44 -86434457.0 32607452.0
45 -86803767.0 32625157.0
46 -86876669.0 32636442.0
47 -86506216.0 32621109.0
48 -86509731.0 32621139.0
49 -86750966.0 32637628.0
50 -86753854.0 32635982.0
51 -86817344.0 32660151.0
52 -86713537.0 32652792.0
53 -86715355.0 32660032.0
54 -86716330.0 32660101.0
55 -86716682.0 32659665.0
56 -86717281.0 32659944.0
57 -86717630.0 32660123.0
58 -86719353.0 32661661.0
59 -86718486.0 32658416.0
60 -86721150.0 32657121.0
61 -86717386.0 32660444.0
62 -86672590.0 32625802.0
63 -86458994.0 32470899.0
64 -86640566.0 32662432.0
65 -86661209.0 32654464.0
66 -86661643.0 32653869.0
67 -86662294.0 32651302.0
68 -86665980.0 32638748.0
69 -86665384.0 32640489.0
70 -86672247.0 32647315.0
71 -86686345.0 32654719.0
72 -86707613.0 32683496.0
73 -86711493.0 32703820.0
74 -86705883.0 32704645.0
75 -86417788.0 32480254.0
76 -86417785.0 32479790.0
77 -86729973.0 32643209.0
78 -86732550.0 32643303.0
79 -86740786.0 32654106.0
80 -86713098.0 32632537.0
81 -86708652.0 32636379.0
82 -86674309.0 32625131.0
83 -86675084.0 32625373.0
84 -86702736.0 32524163.0
85 -86702308.0 32531359.0
86 -86664519.0 32642191.0
87 -86649233.0 32666032.0
88 -86645628.0 32670774.0
89 -86664699.0 32676020.0
90 -86671916.0 32671059.0
91 -86647437.0 32685851.0
92 -86648870.0 32691259.0
93 -86696411.0 32668840.0
94 -86702055.0 32665052.0
95 -86702052.0 32665519.0
96 -86704086.0 32657949.0
97 -86417959.0 32451561.0
98 -86708425.0 32660339.0
99 -86705264.0 32661804.0
100 -86437357.0 32591400.0
101 -86704035.0 32676188.0
102 -86705504.0 32678660.0
103 -86712577.0 32705469.0
104 -86712659.0 32705744.0
105 -86667592.0 32695319.0
106 -86666964.0 32706093.0
107 -86637931.0 32700078.0
108 -86718834.0 32639102.0
109 -86413713.0 32428130.0
110 -86415168.0 32428733.0
111 -86740264.0 32629065.0
112 -86696694.0 32683864.0
113 -86644954.0 32670310.0
114 -86684806.0 32681795.0
115 -86634052.0 32687233.0
116 -86680000.0 32670548.0
117 -86716550.0 32658078.0
118 -86723753.0 32656207.0
119 -86668446.0 32628004.0
120 -86664748.0 32627729.0
121 -86632008.0 32706333.0
122 -86637866.0 32702522.0
123 -86640802.0 32703269.0
124 -86662699.0 32677057.0
125 -86699761.0 32654666.0
126 -86416411.0 32429107.0
127 -86416193.0 32428912.0
128 -86709768.0 32699611.0
129 -86719860.0 32661495.0
130 -86720707.0 32659515.0
131 -86716791.0 32660994.0
132 -86717244.0 32660665.0
133 -86712925.0 32660913.0
134 -86712016.0 32661084.0
135 -86735881.0 32633220.0
136 -86705345.0 32629442.0
137 -86702165.0 32669597.0
138 -86701106.0 32658110.0
139 -86699433.0 32658147.0
140 -86692306.0 32632991.0
141 -86696942.0 32633768.0
142 -86687740.0 32626104.0
143 -86683828.0 32629151.0
144 -86671998.0 32627382.0
145 -86663288.0 32632503.0
146 -86663700.0 32640951.0
147 -86653495.0 32657093.0
148 -86643349.0 32664990.0
149 -86715234.0 32656992.0
150 -86722279.0 32660391.0
151 -86694674.0 32669417.0
152 -86417352.0 32429183.0
153 -86715392.0 32652407.0
154 -86509191.0 32674917.0
155 -86500695.0 32658439.0
156 -86562560.0 32647479.0
157 -86600748.0 32651872.0
158 -86607608.0 32652792.0
159 -86592565.0 32640877.0
160 -86586554.0 32641360.0
161 -86549990.0 32671216.0
162 -86543542.0 32673255.0
163 -86521075.0 32682622.0
164 -86530691.0 32704023.0
165 -86531856.0 32705674.0
166 -86462774.0 32468235.0
167 -86462940.0 32468477.0
168 -86469658.0 32579195.0
169 -86470219.0 32580308.0
170 -86600741.0 32635078.0
171 -86587742.0 32629903.0
172 -86587634.0 32631255.0
173 -86585847.0 32630018.0
174 -86579186.0 32630065.0
175 -86554356.0 32627224.0
176 -86555444.0 32628133.0
177 -86537783.0 32632148.0
178 -86649743.0 32439787.0
179 -86557355.0 32656935.0
180 -86460408.0 32465818.0
181 -86459974.0 32466635.0
182 -86536502.0 32663515.0
183 -86515615.0 32671753.0
184 -86533146.0 32653089.0
185 -86500350.0 32635229.0
186 -86507314.0 32643548.0
187 -86509570.0 32649370.0
188 -86509235.0 32649433.0
189 -86527050.0 32658564.0
190 -86605171.0 32668048.0
191 -86619511.0 32684241.0
192 -86590310.0 32705033.0
193 -86587460.0 32688124.0
194 -86579387.0 32695366.0
195 -86578790.0 32687988.0
196 -86575146.0 32687455.0
197 -86652140.0 32440250.0
198 -86557818.0 32684712.0
199 -86674208.0 32618159.0
200 -86674287.0 32623621.0
201 -86474710.0 32576643.0
202 -86557166.0 32705196.0
203 -86557302.0 32703409.0
204 -86557411.0 32704508.0
205 -86502279.0 32664835.0
206 -86506168.0 32700669.0
207 -86574944.0 32700040.0
208 -86611683.0 32706351.0
209 -86566295.0 32706296.0
210 -86626320.0 32619091.0
211 -86501049.0 32655494.0
212 -86506303.0 32700921.0
213 -86518174.0 32694230.0
214 -86503282.0 32663540.0
215 -86603758.0 32704815.0
216 -86596575.0 32706514.0
217 -86496202.0 32667034.0
218 -86705134.0 32596470.0
219 -86581404.0 32706665.0
220 -86416592.0 32658499.0
221 -86415040.0 32658317.0
222 -86465482.0 32675791.0
223 -86434779.0 32656459.0
224 -86478908.0 32672367.0
225 -86473338.0 32662185.0
226 -86457019.0 32609114.0
227 -86443355.0 32693648.0
228 -86489666.0 32701084.0
229 -86486197.0 32700192.0
230 -86485412.0 32701338.0
231 -86481966.0 32692334.0
232 -86483732.0 32700995.0
233 -86482838.0 32702049.0
234 -86476280.0 32701227.0
235 -86476984.0 32699095.0
236 -86469343.0 32701022.0
237 -86459287.0 32690370.0
238 -86468556.0 32698639.0
239 -86489017.0 32702803.0
240 -86471592.0 32701732.0
241 -86467934.0 32701229.0
242 -86462134.0 32697656.0
243 -86450537.0 32704325.0
244 -86448705.0 32708112.0
245 -86471932.0 32701383.0
246 -86471399.0 32702075.0
247 -86467040.0 32703062.0
248 -86463763.0 32707943.0
249 -86460401.0 32701620.0
250 -86459017.0 32693234.0
251 -86457373.0 32693273.0
252 -86462513.0 32697793.0
253 -86417913.0 32688101.0
254 -86439777.0 32675593.0
255 -86412980.0 32673963.0
256 -86416215.0 32648784.0
257 -86416263.0 32673186.0
258 -86415431.0 32673275.0
259 -86417409.0 32638405.0
260 -86420820.0 32645485.0
261 -86469366.0 32662377.0
262 -86468696.0 32634279.0
263 -86428105.0 32647914.0
264 -86428105.0 32644190.0
265 -86444648.0 32641978.0
266 -86597673.0 32411364.0
267 -86598151.0 32414556.0
268 -86489398.0 32657619.0
269 -86436879.0 32701438.0
270 -86420490.0 32689703.0
271 -86415543.0 32678205.0
272 -86487854.0 32707546.0
273 -86471321.0 32702213.0
274 -86474113.0 32703501.0
275 -86490759.0 32667026.0
276 -86490128.0 32663009.0
277 -86488651.0 32629667.0
278 -86496681.0 32649164.0
279 -86499180.0 32655123.0
280 -86456933.0 32673658.0
281 -86454132.0 32657112.0
282 -86477022.0 32707684.0
283 -86459865.0 32689363.0
284 -86452937.0 32679627.0
285 -86415371.0 32670993.0
286 -86470197.0 32664889.0
287 -86492953.0 32657992.0
288 -86488508.0 32635478.0
289 -86412923.0 32659717.0
290 -86478620.0 32665070.0
291 -86478513.0 32665185.0
292 -86462772.0 32465747.0
293 -86461761.0 32465693.0
294 -86883631.0 32538325.0
295 -86882656.0 32541029.0
296 -86442174.0 32469635.0
297 -86904564.0 32548804.0
298 -86902263.0 32552149.0
299 -86896334.0 32560374.0
300 -86897768.0 32560374.0
301 -86900585.0 32554715.0
302 -86891384.0 32558562.0
303 -86894058.0 32566323.0
304 -86903103.0 32621142.0
305 -86901695.0 32622722.0
306 -86901970.0 32611219.0
307 -86905490.0 32609227.0
308 -86896887.0 32595752.0
309 -86900477.0 32595348.0
310 -86897351.0 32526484.0
311 -86896541.0 32535096.0
312 -86895421.0 32545479.0
313 -86895353.0 32546180.0
314 -86892944.0 32577305.0
315 -86891482.0 32578840.0
316 -86891828.0 32580172.0
317 -86897054.0 32583974.0
318 -86879150.0 32599428.0
319 -86876088.0 32597043.0
320 -86889896.0 32617991.0
321 -86903398.0 32622184.0
322 -86901889.0 32611541.0
323 -86902268.0 32609822.0
324 -86894128.0 32591649.0
325 -86897359.0 32583998.0
326 -86891332.0 32591818.0
327 -86898488.0 32586312.0
328 -86882173.0 32578584.0
329 -86706416.0 32599801.0
330 -86902123.0 32605979.0
331 -86900056.0 32589016.0
332 -86897684.0 32523688.0
333 -86904821.0 32611804.0
334 -86903137.0 32605410.0
335 -86898404.0 32587810.0
336 -86896688.0 32581607.0
337 -86894535.0 32559113.0
338 -86895552.0 32552119.0
339 -86898723.0 32576460.0
340 -86889290.0 32592344.0
341 -86894566.0 32595805.0
342 -86431882.0 32469826.0
343 -86431985.0 32467268.0
344 -86878979.0 32579361.0
345 -86883277.0 32579277.0
346 -86900555.0 32555319.0
347 -86896389.0 32536626.0
348 -86897059.0 32535126.0
349 -86881370.0 32542987.0
350 -86894162.0 32544192.0
351 -86460762.0 32446885.0
352 -86471170.0 32458146.0
353 -86436433.0 32460428.0
354 -86836984.0 32509074.0
355 -86837149.0 32509237.0
356 -86850422.0 32504969.0
357 -86846053.0 32504196.0
358 -86844636.0 32503951.0
359 -86808969.0 32510795.0
360 -86787948.0 32493000.0
361 -86790448.0 32500626.0
362 -86787364.0 32504858.0
363 -86771621.0 32516997.0
364 -86787323.0 32494865.0
365 -86786925.0 32529169.0
366 -86794173.0 32530316.0
367 -86866016.0 32535461.0
368 -86851057.0 32534207.0
369 -86850704.0 32531915.0
370 -86471439.0 32453795.0
371 -86472574.0 32451035.0
372 -86815515.0 32552315.0
373 -86815596.0 32552770.0
374 -86817600.0 32580452.0
375 -86789992.0 32585858.0
376 -86788313.0 32583848.0
377 -86850714.0 32619811.0
378 -86792423.0 32618120.0
379 -86778114.0 32582624.0
380 -86771129.0 32584158.0
381 -86774056.0 32579713.0
382 -86792997.0 32590028.0
383 -86797813.0 32607007.0
384 -86840908.0 32601255.0
385 -86832056.0 32600477.0
386 -86817519.0 32583637.0
387 -86809914.0 32583866.0
388 -86848072.0 32511959.0
389 -86803632.0 32613170.0
390 -86866480.0 32535581.0
391 -86824956.0 32542919.0
392 -86828444.0 32534166.0
393 -86823684.0 32543011.0
394 -86802992.0 32516409.0
395 -86767355.0 32546084.0
396 -86769809.0 32516127.0
397 -86766260.0 32522257.0
398 -86751270.0 32537978.0
399 -86750914.0 32545484.0
400 -86869481.0 32596700.0
401 -86828165.0 32600851.0
402 -86423601.0 32464065.0
403 -86854958.0 32569698.0
404 -86872918.0 32590351.0
405 -86806262.0 32564618.0
406 -86813412.0 32553690.0
407 -86801784.0 32572387.0
408 -86792842.0 32559073.0
409 -86785013.0 32589271.0
410 -86754856.0 32556408.0
411 -86749983.0 32554499.0
412 -86817950.0 32618657.0
413 -86807395.0 32619611.0
414 -86756739.0 32617834.0
415 -86752799.0 32623755.0
416 -86793925.0 32571442.0
417 -86527989.0 32465166.0
418 -86425690.0 32463146.0
419 -86474121.0 32452849.0
420 -86474159.0 32452274.0
421 -86787199.0 32514596.0
422 -86794456.0 32575406.0
423 -86762982.0 32588486.0
424 -86841784.0 32501407.0
425 -86527602.0 32462709.0
426 -86425694.0 32466250.0
427 -86423925.0 32466258.0
428 -86857279.0 32609619.0
429 -86865363.0 32620448.0
430 -86856983.0 32569552.0
431 -86761490.0 32551140.0
432 -86867463.0 32535836.0
433 -86756354.0 32559739.0
434 -86768658.0 32548870.0
435 -86830147.0 32520870.0
436 -86867701.0 32617861.0
437 -86827923.0 32585629.0
438 -86865291.0 32591914.0
439 -86869619.0 32570389.0
440 -86852474.0 32572796.0
441 -86783513.0 32579059.0
442 -86756240.0 32617557.0
443 -86754042.0 32617784.0
444 -86791217.0 32581307.0
445 -86756254.0 32557295.0
446 -86759393.0 32558346.0
447 -86430218.0 32466287.0
448 -86430380.0 32467992.0
449 -86805110.0 32524514.0
450 -86820437.0 32525413.0
451 -86781518.0 32504632.0
452 -86771566.0 32522411.0
453 -86763078.0 32524618.0
454 -86764743.0 32525301.0
455 -86431195.0 32467933.0
456 -86422829.0 32476151.0
457 -86426484.0 32467690.0
458 -86737587.0 32505309.0
459 -86713728.0 32499328.0
460 -86711465.0 32503942.0
461 -86516867.0 32438583.0
462 -86511095.0 32447808.0
463 -86660385.0 32512190.0
464 -86662223.0 32514843.0
465 -86651662.0 32549949.0
466 -86415470.0 32490492.0
467 -86415491.0 32494595.0
468 -86712791.0 32603431.0
469 -86741634.0 32580647.0
470 -86710919.0 32579712.0
471 -86747778.0 32580896.0
472 -86707888.0 32587599.0
473 -86634146.0 32571206.0
474 -86659312.0 32570092.0
475 -86667212.0 32580537.0
476 -86667505.0 32597177.0
477 -86710078.0 32578273.0
478 -86661220.0 32615208.0
479 -86645823.0 32523895.0
480 -86666570.0 32544201.0
481 -86655124.0 32551898.0
482 -86649788.0 32526199.0
483 -86652103.0 32526123.0
484 -86617136.0 32575305.0
485 -86723515.0 32613488.0
486 -86738912.0 32631075.0
487 -86417853.0 32440455.0
488 -86698311.0 32621283.0
489 -86674622.0 32610078.0
490 -86674235.0 32613804.0
491 -86664472.0 32605722.0
492 -86667746.0 32608157.0
493 -86414395.0 32445447.0
494 -86652236.0 32604001.0
495 -86652832.0 32603892.0
496 -86653096.0 32621118.0
497 -86653301.0 32621810.0
498 -86681950.0 32574263.0
499 -86654140.0 32524124.0
500 -86639292.0 32562913.0
501 -86648736.0 32578650.0
502 -86503204.0 32430834.0
503 -86666026.0 32560423.0
504 -86664699.0 32558522.0
505 -86685912.0 32559170.0
506 -86456675.0 32511783.0
507 -86694677.0 32541316.0
508 -86710398.0 32556964.0
509 -86416186.0 32460135.0
510 -86455646.0 32532768.0
511 -86457856.0 32532040.0
512 -86731969.0 32503498.0
513 -86728230.0 32503411.0
514 -86701475.0 32522447.0
515 -86711846.0 32517219.0
516 -86723635.0 32524235.0
517 -86731917.0 32523183.0
518 -86672412.0 32524250.0
519 -86666925.0 32526270.0
520 -86660084.0 32524127.0
521 -86667605.0 32512994.0
522 -86665930.0 32500134.0
523 -86635230.0 32521255.0
524 -86647362.0 32546786.0
525 -86744881.0 32557939.0
526 -86415173.0 32467735.0
527 -86416089.0 32465574.0
528 -86519786.0 32474575.0
529 -86683131.0 32574472.0
530 -86674859.0 32567281.0
531 -86706251.0 32594845.0
532 -86690435.0 32550157.0
533 -86636113.0 32505438.0
534 -86639905.0 32535392.0
535 -86668017.0 32524257.0
536 -86418073.0 32460335.0
537 -86419293.0 32462990.0
538 -86670588.0 32609143.0
539 -86673740.0 32609908.0
540 -86460061.0 32447598.0
541 -86680584.0 32590074.0
542 -86675958.0 32568237.0
543 -86464911.0 32429257.0
544 -86708917.0 32524703.0
545 -86480332.0 32495329.0
546 -86479075.0 32492334.0
547 -86617122.0 32519786.0
548 -86617568.0 32521644.0
549 -86508869.0 32536763.0
550 -86589927.0 32519500.0
551 -86590576.0 32516521.0
552 -86594718.0 32529809.0
553 -86466167.0 32429954.0
554 -86591328.0 32501971.0
555 -86585921.0 32505065.0
556 -86573947.0 32538566.0
557 -86571000.0 32550390.0
558 -86566103.0 32550046.0
559 -86583878.0 32553413.0
560 -86570349.0 32528255.0
561 -86564289.0 32528576.0
562 -86566101.0 32522413.0
563 -86463018.0 32480828.0
564 -86510115.0 32527763.0
565 -86502350.0 32532617.0
566 -86507032.0 32543454.0
567 -86507374.0 32544351.0
568 -86512705.0 32540138.0
569 -86512513.0 32545064.0
570 -86545356.0 32534555.0
571 -86531040.0 32554877.0
572 -86547354.0 32555774.0
573 -86559015.0 32568330.0
574 -86556714.0 32572980.0
575 -86579443.0 32563128.0
576 -86578504.0 32565942.0
577 -86604097.0 32574029.0
578 -86601011.0 32574120.0
579 -86599037.0 32574168.0
580 -86519997.0 32563123.0
581 -86519994.0 32568947.0
582 -86561554.0 32427005.0
583 -86519311.0 32583079.0
584 -86526561.0 32592820.0
585 -86546824.0 32581865.0
586 -86541789.0 32582079.0
587 -86564481.0 32604327.0
588 -86564183.0 32605289.0
589 -86564796.0 32603634.0
590 -86564535.0 32583018.0
591 -86565612.0 32579879.0
592 -86608879.0 32612017.0
593 -86604629.0 32611996.0
594 -86596606.0 32626895.0
595 -86587820.0 32622724.0
596 -86471165.0 32496011.0
597 -86470975.0 32495748.0
598 -86522442.0 32603426.0
599 -86573924.0 32575639.0
600 -86471974.0 32445736.0
601 -86463344.0 32451957.0
602 -86463187.0 32451972.0
603 -86614607.0 32593479.0
604 -86612785.0 32575305.0
605 -86618504.0 32503491.0
606 -86557899.0 32410576.0
607 -86613686.0 32517576.0
608 -86594216.0 32489890.0
609 -86583323.0 32499218.0
610 -86599749.0 32530977.0
611 -86597974.0 32538132.0
612 -86590792.0 32515376.0
613 -86578107.0 32503806.0
614 -86574483.0 32503165.0
615 -86570940.0 32500134.0
616 -86573919.0 32502089.0
617 -86485369.0 32455667.0
618 -86486011.0 32456209.0
619 -86512922.0 32539473.0
620 -86541745.0 32541392.0
621 -86556364.0 32541064.0
622 -86512231.0 32519396.0
623 -86575897.0 32551650.0
624 -86586423.0 32547401.0
625 -86575347.0 32561475.0
626 -86578308.0 32575616.0
627 -86545782.0 32550436.0
628 -86551544.0 32582972.0
629 -86511385.0 32530055.0
630 -86511336.0 32532834.0
631 -86548997.0 32601027.0
632 -86474159.0 32450576.0
633 -86604596.0 32600884.0
634 -86612786.0 32573452.0
635 -86460654.0 32446735.0
636 -86614607.0 32593577.0
637 -86614640.0 32597278.0
638 -86589748.0 32595520.0
639 -86593950.0 32599138.0
640 -86581774.0 32606962.0
641 -86592771.0 32611106.0
642 -86583324.0 32613445.0
643 -86587738.0 32621212.0
644 -86580280.0 32613079.0
645 -86566971.0 32608932.0
646 -86545881.0 32622885.0
647 -86548984.0 32603419.0
648 -86552264.0 32578242.0
649 -86504808.0 32580094.0
650 -86515379.0 32600469.0
651 -86520235.0 32601200.0
652 -86486075.0 32478855.0
653 -86486075.0 32478435.0
654 -86467689.0 32470994.0
655 -86467449.0 32471576.0
656 -86437527.0 32465245.0
657 -86497175.0 32596866.0
658 -86596850.0 32517665.0
659 -86435922.0 32465567.0
660 -86599040.0 32517230.0
661 -86561392.0 32575446.0
662 -86519257.0 32568923.0
663 -86629139.0 32525995.0
664 -86613689.0 32521173.0
665 -86598581.0 32585252.0
666 -86600150.0 32591020.0
667 -86581584.0 32584735.0
668 -86621472.0 32569060.0
669 -86514174.0 32561006.0
670 -86549092.0 32502428.0
671 -86549095.0 32498325.0
672 -86531077.0 32606036.0
673 -86524122.0 32604161.0
674 -86520181.0 32575357.0
675 -86518746.0 32576548.0
676 -86521978.0 32551941.0
677 -86512508.0 32549057.0
678 -86597265.0 32539227.0
679 -86511166.0 32529209.0
680 -86619047.0 32505534.0
681 -86418073.0 32463848.0
682 -86509338.0 32606950.0
683 -86543260.0 32503129.0
684 -86501575.0 32518549.0
685 -86506796.0 32522678.0
686 -86421738.0 32464735.0
687 -86418092.0 32464660.0
688 -86466439.0 32470929.0
689 -86467474.0 32465835.0
690 -86466774.0 32491234.0
691 -86483452.0 32525224.0
692 -86483075.0 32528564.0
693 -86457581.0 32512399.0
694 -86460757.0 32512467.0
695 -86456360.0 32502560.0
696 -86456592.0 32511276.0
697 -86454960.0 32521799.0
698 -86453132.0 32517532.0
699 -86449562.0 32517579.0
700 -86449643.0 32515287.0
701 -86448454.0 32516433.0
702 -86451996.0 32515218.0
703 -86456189.0 32523237.0
704 -86455402.0 32529343.0
705 -86451809.0 32530913.0
706 -86451430.0 32529653.0
707 -86452841.0 32529656.0
708 -86452512.0 32526675.0
709 -86458097.0 32446503.0
710 -86433933.0 32469123.0
711 -86415829.0 32518150.0
712 -86449809.0 32544157.0
713 -86451460.0 32551764.0
714 -86447317.0 32552078.0
715 -86445103.0 32562297.0
716 -86461828.0 32560969.0
717 -86417627.0 32464506.0
718 -86481005.0 32553127.0
719 -86496360.0 32541978.0
720 -86477269.0 32541184.0
721 -86493507.0 32558948.0
722 -86485011.0 32559524.0
723 -86479746.0 32565304.0
724 -86479009.0 32569103.0
725 -86483431.0 32590434.0
726 -86448541.0 32602271.0
727 -86442386.0 32666902.0
728 -86467792.0 32607599.0
729 -86464771.0 32608933.0
730 -86427769.0 32604310.0
731 -86462270.0 32583747.0
732 -86436336.0 32610031.0
733 -86590256.0 32705431.0
734 -86590473.0 32706575.0
735 -86418989.0 32588836.0
736 -86420882.0 32596833.0
737 -86491911.0 32605300.0
738 -86485143.0 32603951.0
739 -86455694.0 32533333.0
740 -86497907.0 32513724.0
741 -86497716.0 32513491.0
742 -86483254.0 32528416.0
743 -86481962.0 32529483.0
744 -86461067.0 32506587.0
745 -86458390.0 32511047.0
746 -86469771.0 32536501.0
747 -86470656.0 32537362.0
748 -86471847.0 32538814.0
749 -86456219.0 32536870.0
750 -86455720.0 32537600.0
751 -86449485.0 32543722.0
752 -86446489.0 32546389.0
753 -86441613.0 32542760.0
754 -86414356.0 32533051.0
755 -86413878.0 32534043.0
756 -86430400.0 32536957.0
757 -86440450.0 32548809.0
758 -86430576.0 32537338.0
759 -86413379.0 32517691.0
760 -86433848.0 32565054.0
761 -86460124.0 32573094.0
762 -86449678.0 32570770.0
763 -86458313.0 32583956.0
764 -86458314.0 32586545.0
765 -86457714.0 32583960.0
766 -86453322.0 32584017.0
767 -86429258.0 32581224.0
768 -86470462.0 32578729.0
769 -86480011.0 32570936.0
770 -86472201.0 32582303.0
771 -86488077.0 32623037.0
772 -86491127.0 32607065.0
773 -86496454.0 32597371.0
774 -86471000.0 32581659.0
775 -86456967.0 32587447.0
776 -86456357.0 32587813.0
777 -86431411.0 32591289.0
778 -86428406.0 32604555.0
779 -86425594.0 32614806.0
780 -86458097.0 32448892.0
781 -86487735.0 32590959.0
782 -86486128.0 32590855.0
783 -86454469.0 32495672.0
784 -86432927.0 32591427.0
785 -86446493.0 32494155.0
786 -86456432.0 32521656.0
787 -86455381.0 32528686.0
788 -86455801.0 32534359.0
789 -86457873.0 32549907.0
790 -86457954.0 32551076.0
791 -86464341.0 32574758.0
792 -86464359.0 32586061.0
793 -86481094.0 32615488.0
794 -86487400.0 32625444.0
795 -86455762.0 32547571.0
796 -86412073.0 32492934.0
797 -86429073.0 32514217.0
798 -86436790.0 32504099.0
799 -86447674.0 32493834.0
800 -86480708.0 32611766.0
801 -86454460.0 32534739.0
802 -86451038.0 32544505.0
803 -86422222.0 32503202.0
804 -86420574.0 32503593.0
805 -86412292.0 32524384.0
806 -86431284.0 32538864.0
807 -86432848.0 32550023.0
808 -86476987.0 32572895.0
809 -86424719.0 32620844.0
810 -86485290.0 32590734.0
811 -86452995.0 32584026.0
812 -86458971.0 32576786.0
813 -86425933.0 32585856.0
814 -86444373.0 32531225.0
815 -86446076.0 32535725.0
816 -86488360.0 32504844.0
817 -86444053.0 32503160.0
818 -86444305.0 32507339.0
819 -86447206.0 32507339.0
820 -86451875.0 32477250.0
821 -86453383.0 32485110.0
822 -86453374.0 32485035.0
823 -86470472.0 32608816.0
824 -86459467.0 32609727.0
825 -86426754.0 32612052.0
826 -86491993.0 32617520.0
827 -86493602.0 32612299.0
828 -86480925.0 32591901.0
829 -86481390.0 32591926.0
830 -86468807.0 32608033.0
831 -86469894.0 32606564.0
832 -86464393.0 32602981.0
833 -86464349.0 32587504.0
834 -86459275.0 32609729.0
835 -86417469.0 32464506.0
836 -86466585.0 32587055.0
837 -86418116.0 32465572.0
838 -86427869.0 32609219.0
839 -86428624.0 32610143.0
840 -86463534.0 32603102.0
841 -86466452.0 32602010.0
842 -86456983.0 32608717.0
843 -86567544.0 32670003.0
844 -86431819.0 32541493.0
845 -86432577.0 32538296.0
846 -86441585.0 32543001.0
847 -86413426.0 32533298.0
848 -86567993.0 32669746.0
849 -86434907.0 32551036.0
850 -86444291.0 32547246.0
851 -86435890.0 32560736.0
852 -86454569.0 32582972.0
853 -86478637.0 32676271.0
854 -86478833.0 32575450.0
855 -86475375.0 32577310.0
856 -86487240.0 32570657.0
857 -86489650.0 32569111.0
858 -86495961.0 32581808.0
859 -86486729.0 32529610.0
860 -86461752.0 32576685.0
861 -86468945.0 32548203.0
862 -86472343.0 32539834.0
863 -86472339.0 32541251.0
864 -86471806.0 32540059.0
865 -86466197.0 32446146.0
866 -86416509.0 32467296.0
867 -86416839.0 32466736.0
868 -86477522.0 32536371.0
869 -86480032.0 32537748.0
870 -86416237.0 32466361.0
871 -86483158.0 32532819.0
872 -86478276.0 32526239.0
873 -86493781.0 32507416.0
874 -86486667.0 32503529.0
875 -86488828.0 32500134.0
876 -86489115.0 32502275.0
877 -86434473.0 32460435.0
878 -86461180.0 32534392.0
879 -86453411.0 32535712.0
880 -86472281.0 32496834.0
881 -86471442.0 32496069.0
882 -86454147.0 32528321.0
883 -86450912.0 32529369.0
884 -86437439.0 32528986.0
885 -86424895.0 32476688.0
886 -86417428.0 32503753.0
887 -86413406.0 32509877.0
888 -86462174.0 32480935.0
889 -86418187.0 32568316.0
890 -86419458.0 32569552.0
891 -86438936.0 32441182.0
892 -86436073.0 32442636.0
893 -86434501.0 32438105.0
894 -86434510.0 32550429.0
895 -86412342.0 32550226.0
896 -86412276.0 32525076.0
897 -86412210.0 32527681.0
898 -86464833.0 32436935.0
899 -86464874.0 32435836.0
900 -86419293.0 32463981.0
901 -86416584.0 32429809.0
902 -86416761.0 32430913.0
903 -86419073.0 32454735.0
904 -86417267.0 32430546.0
905 -86426055.0 32456195.0
906 -86424714.0 32456196.0
907 -86422283.0 32457386.0
908 -86414756.0 32429082.0
909 -86424430.0 32458453.0
910 -86423996.0 32456331.0
911 -86424733.0 32454903.0
912 -86429952.0 32451910.0
913 -86429926.0 32451498.0
914 -86433168.0 32458386.0
915 -86427373.0 32453535.0
916 -86430969.0 32457166.0
917 -86426073.0 32448436.0
918 -86424962.0 32450885.0
919 -86433324.0 32456142.0
920 -86487335.0 32470980.0
921 -86423565.0 32452739.0
922 -86461820.0 32476608.0
923 -86462276.0 32478293.0
924 -86488775.0 32488534.0
925 -86489075.0 32485935.0
926 -86488075.0 32485985.0
927 -86487075.0 32488534.0
928 -86638977.0 32531806.0
929 -86479075.0 32489234.0
930 -86477775.0 32492334.0
931 -86499975.0 32467378.0
932 -86503328.0 32481131.0
933 -86427370.0 32453591.0
934 -86492575.0 32475635.0
935 -86491575.0 32474735.0
936 -86490775.0 32476135.0
937 -86487749.0 32471337.0
938 -86498275.0 32464535.0
939 -86496275.0 32461435.0
940 -86494775.0 32466035.0
941 -86494775.0 32466335.0
942 -86486675.0 32482835.0
943 -86484975.0 32483535.0
944 -86485175.0 32484435.0
945 -86486075.0 32480835.0
946 -86486075.0 32480035.0
947 -86486775.0 32478435.0
948 -86488554.0 32482723.0
949 -86486275.0 32476535.0
950 -86486075.0 32479235.0
951 -86485075.0 32479935.0
952 -86485433.0 32475671.0
953 -86481275.0 32478435.0
954 -86482775.0 32477235.0
955 -86482275.0 32475835.0
956 -86560127.0 32398145.0
957 -86486451.0 32470239.0
958 -86486575.0 32470935.0
959 -86485875.0 32466335.0
960 -86485375.0 32469235.0
961 -86485975.0 32465135.0
962 -86486908.0 32465135.0
963 -86485875.0 32463535.0
964 -86486375.0 32461235.0
965 -86479669.0 32466212.0
966 -86477974.0 32466935.0
967 -86476174.0 32467535.0
968 -86482075.0 32466435.0
969 -86481175.0 32467135.0
970 -86479583.0 32464705.0
971 -86480174.0 32464035.0
972 -86478974.0 32463235.0
973 -86478174.0 32464635.0
974 -86475174.0 32465735.0
975 -86477774.0 32463735.0
976 -86476974.0 32464535.0
977 -86479487.0 32463235.0
978 -86479274.0 32463235.0
979 -86472567.0 32496449.0
980 -86472969.0 32493986.0
981 -86471274.0 32486935.0
982 -86471274.0 32486535.0
983 -86470174.0 32487035.0
984 -86470174.0 32485435.0
985 -86461274.0 32488434.0
986 -86455974.0 32488435.0
987 -86455974.0 32486035.0
988 -86469774.0 32483435.0
989 -86472274.0 32483435.0
990 -86473174.0 32481035.0
991 -86471374.0 32481835.0
992 -86473574.0 32479135.0
993 -86473574.0 32476035.0
994 -86474974.0 32476035.0
995 -86476174.0 32474335.0
996 -86474974.0 32474935.0
997 -86473974.0 32473935.0
998 -86474374.0 32473335.0
999 -86471372.0 32476434.0
1000 -86471373.0 32478635.0
