1 -86436719.0 32469271.0
2 -86436733.0 32467449.0
3 -86919124.0 32658659.0
4 -86491083.0 32476662.0
5 -86909757.0 32641312.0
6 -86909620.0 32647269.0
7 -86904649.0 32611151.0
8 -86905586.0 32611125.0
9 -86899864.0 32663764.0
10 -86913299.0 32662255.0
11 -86913165.0 32659735.0
12 -86909508.0 32659711.0
13 -86437289.0 32466860.0
14 -86904658.0 32663307.0
15 -86903567.0 32663844.0
16 -86907055.0 32635904.0
17 -86906152.0 32632434.0
18 -86907036.0 32632167.0
19 -86884332.0 32627602.0
20 -86875501.0 32628144.0
21 -86844150.0 32659825.0
22 -86822176.0 32602821.0
23 -86789980.0 32647774.0
24 -86754042.0 32660933.0
25 -86787674.0 32660519.0
26 -86872191.0 32628080.0
27 -86871406.0 32628103.0
28 -86871462.0 32630967.0
29 -86871610.0 32636794.0
30 -86850393.0 32628203.0
31 -86473191.0 32497047.0
32 -86473587.0 32496740.0
33 -86860429.0 32659247.0
34 -86857697.0 32661898.0
35 -86813697.0 32652028.0
36 -86768742.0 32656086.0
37 -86763032.0 32646666.0
38 -86460942.0 32466558.0
39 -86460966.0 32468521.0
40 -86760873.0 32644818.0
41 -86784132.0 32625682.0
42 -86832190.0 32660474.0
43 -86834074.0 32660835.0
44 -86434457.0 32607452.0
45 -86803767.0 32625157.0
46 -86876669.0 32636442.0
47 -86506216.0 32621109.0
48 -86509731.0 32621139.0
49 -86750966.0 32637628.0
50 -86753854.0 32635982.0
51 -86817344.0 32660151.0
52 -86713537.0 32652792.0
53 -86715355.0 32660032.0
54 -86716330.0 32660101.0
55 -86716682.0 32659665.0
56 -86717281.0 32659944.0
57 -86717630.0 32660123.0
58 -86719353.0 32661661.0
59 -86718486.0 32658416.0
60 -86721150.0 32657121.0
61 -86717386.0 32660444.0
62 -86672590.0 32625802.0
63 -86458994.0 32470899.0
64 -86640566.0 32662432.0
65 -86661209.0 32654464.0
66 -86661643.0 32653869.0
67 -86662294.0 32651302.0
68 -86665980.0 32638748.0
69 -86665384.0 32640489.0
70 -86672247.0 32647315.0
71 -86686345.0 32654719.0
72 -86707613.0 32683496.0
73 -86711493.0 32703820.0
74 -86705883.0 32704645.0
75 -86417788.0 32480254.0
76 -86417785.0 32479790.0
77 -86729973.0 32643209.0
78 -86732550.0 32643303.0
79 -86740786.0 32654106.0
80 -86713098.0 32632537.0
81 -86708652.0 32636379.0
82 -86674309.0 32625131.0
83 -86675084.0 32625373.0
84 -86702736.0 32524163.0
85 -86702308.0 32531359.0
86 -86664519.0 32642191.0
87 -86649233.0 32666032.0
88 -86645628.0 32670774.0
89 -86664699.0 32676020.0
90 -86671916.0 32671059.0
91 -86647437.0 32685851.0
92 -86648870.0 32691259.0
93 -86696411.0 32668840.0
94 -86702055.0 32665052.0
95 -86702052.0 32665519.0
96 -86704086.0 32657949.0
97 -86417959.0 32451561.0
98 -86708425.0 32660339.0
99 -86705264.0 32661804.0
100 -86437357.0 32591400.0
