1 -86436719.0 32469271.0
2 -86436733.0 32467449.0
3 -86919124.0 32658659.0
4 -86491083.0 32476662.0
5 -86909757.0 32641312.0
6 -86909620.0 32647269.0
7 -86904649.0 32611151.0
8 -86905586.0 32611125.0
9 -86899864.0 32663764.0
10 -86913299.0 32662255.0
11 -86913165.0 32659735.0
12 -86909508.0 32659711.0
13 -86437289.0 32466860.0
14 -86904658.0 32663307.0
15 -86903567.0 32663844.0
16 -86907055.0 32635904.0
17 -86906152.0 32632434.0
18 -86907036.0 32632167.0
19 -86884332.0 32627602.0
20 -86875501.0 32628144.0
21 -86844150.0 32659825.0
22 -86822176.0 32602821.0
23 -86789980.0 32647774.0
24 -86754042.0 32660933.0
25 -86787674.0 32660519.0
26 -86872191.0 32628080.0
27 -86871406.0 32628103.0
28 -86871462.0 32630967.0
29 -86871610.0 32636794.0
30 -86850393.0 32628203.0
31 -86473191.0 32497047.0
32 -86473587.0 32496740.0
33 -86860429.0 32659247.0
34 -86857697.0 32661898.0
35 -86813697.0 32652028.0
36 -86768742.0 32656086.0
37 -86763032.0 32646666.0
38 -86460942.0 32466558.0
39 -86460966.0 32468521.0
40 -86760873.0 32644818.0
41 -86784132.0 32625682.0
42 -86832190.0 32660474.0
43 -86834074.0 32660835.0
44 -86434457.0 32607452.0
45 -86803767.0 32625157.0
46 -86876669.0 32636442.0
47 -86506216.0 32621109.0
48 -86509731.0 32621139.0
49 -86750966.0 32637628.0
50 -86753854.0 32635982.0
51 -86817344.0 32660151.0
52 -86713537.0 32652792.0
53 -86715355.0 32660032.0
54 -86716330.0 32660101.0
55 -86716682.0 32659665.0
56 -86717281.0 32659944.0
57 -86717630.0 32660123.0
58 -86719353.0 32661661.0
59 -86718486.0 32658416.0
60 -86721150.0 32657121.0
61 -86717386.0 32660444.0
62 -86672590.0 32625802.0
63 -86458994.0 32470899.0
64 -86640566.0 32662432.0
65 -86661209.0 32654464.0
66 -86661643.0 32653869.0
67 -86662294.0 32651302.0
68 -86665980.0 32638748.0
69 -86665384.0 32640489.0
70 -86672247.0 32647315.0
71 -86686345.0 32654719.0
72 -86707613.0 32683496.0
73 -86711493.0 32703820.0
74 -86705883.0 32704645.0
75 -86417788.0 32480254.0
76 -86417785.0 32479790.0
77 -86729973.0 32643209.0
78 -86732550.0 32643303.0
79 -86740786.0 32654106.0
80 -86713098.0 32632537.0
81 -86708652.0 32636379.0
82 -86674309.0 32625131.0
83 -86675084.0 32625373.0
84 -86702736.0 32524163.0
85 -86702308.0 32531359.0
86 -86664519.0 32642191.0
87 -86649233.0 32666032.0
88 -86645628.0 32670774.0
89 -86664699.0 32676020.0
90 -86671916.0 32671059.0
91 -86647437.0 32685851.0
92 -86648870.0 32691259.0
93 -86696411.0 32668840.0
94 -86702055.0 32665052.0
95 -86702052.0 32665519.0
96 -86704086.0 32657949.0
97 -86417959.0 32451561.0
98 -86708425.0 32660339.0
99 -86705264.0 32661804.0
100 -86437357.0 32591400.0
101 -86704035.0 32676188.0
102 -86705504.0 32678660.0
103 -86712577.0 32705469.0
104 -86712659.0 32705744.0
105 -86667592.0 32695319.0
106 -86666964.0 32706093.0
107 -86637931.0 32700078.0
108 -86718834.0 32639102.0
109 -86413713.0 32428130.0
110 -86415168.0 32428733.0
111 -86740264.0 32629065.0
112 -86696694.0 32683864.0
113 -86644954.0 32670310.0
114 -86684806.0 32681795.0
115 -86634052.0 32687233.0
116 -86680000.0 32670548.0
117 -86716550.0 32658078.0
118 -86723753.0 32656207.0
119 -86668446.0 32628004.0
120 -86664748.0 32627729.0
121 -86632008.0 32706333.0
122 -86637866.0 32702522.0
123 -86640802.0 32703269.0
124 -86662699.0 32677057.0
125 -86699761.0 32654666.0
126 -86416411.0 32429107.0
127 -86416193.0 32428912.0
128 -86709768.0 32699611.0
129 -86719860.0 32661495.0
130 -86720707.0 32659515.0
131 -86716791.0 32660994.0
132 -86717244.0 32660665.0
133 -86712925.0 32660913.0
134 -86712016.0 32661084.0
135 -86735881.0 32633220.0
136 -86705345.0 32629442.0
137 -86702165.0 32669597.0
138 -86701106.0 32658110.0
139 -86699433.0 32658147.0
140 -86692306.0 32632991.0
141 -86696942.0 32633768.0
142 -86687740.0 32626104.0
143 -86683828.0 32629151.0
144 -86671998.0 32627382.0
145 -86663288.0 32632503.0
146 -86663700.0 32640951.0
147 -86653495.0 32657093.0
148 -86643349.0 32664990.0
149 -86715234.0 32656992.0
150 -86722279.0 32660391.0
151 -86694674.0 32669417.0
152 -86417352.0 32429183.0
153 -86715392.0 32652407.0
154 -86509191.0 32674917.0
155 -86500695.0 32658439.0
156 -86562560.0 32647479.0
157 -86600748.0 32651872.0
158 -86607608.0 32652792.0
159 -86592565.0 32640877.0
160 -86586554.0 32641360.0
161 -86549990.0 32671216.0
162 -86543542.0 32673255.0
163 -86521075.0 32682622.0
164 -86530691.0 32704023.0
165 -86531856.0 32705674.0
166 -86462774.0 32468235.0
167 -86462940.0 32468477.0
168 -86469658.0 32579195.0
169 -86470219.0 32580308.0
170 -86600741.0 32635078.0
171 -86587742.0 32629903.0
172 -86587634.0 32631255.0
173 -86585847.0 32630018.0
174 -86579186.0 32630065.0
175 -86554356.0 32627224.0
176 -86555444.0 32628133.0
177 -86537783.0 32632148.0
178 -86649743.0 32439787.0
179 -86557355.0 32656935.0
180 -86460408.0 32465818.0
181 -86459974.0 32466635.0
182 -86536502.0 32663515.0
183 -86515615.0 32671753.0
184 -86533146.0 32653089.0
185 -86500350.0 32635229.0
186 -86507314.0 32643548.0
187 -86509570.0 32649370.0
188 -86509235.0 32649433.0
189 -86527050.0 32658564.0
190 -86605171.0 32668048.0
191 -86619511.0 32684241.0
192 -86590310.0 32705033.0
193 -86587460.0 32688124.0
194 -86579387.0 32695366.0
195 -86578790.0 32687988.0
196 -86575146.0 32687455.0
197 -86652140.0 32440250.0
198 -86557818.0 32684712.0
199 -86674208.0 32618159.0
200 -86674287.0 32623621.0
201 -86474710.0 32576643.0
202 -86557166.0 32705196.0
203 -86557302.0 32703409.0
204 -86557411.0 32704508.0
205 -86502279.0 32664835.0
206 -86506168.0 32700669.0
207 -86574944.0 32700040.0
208 -86611683.0 32706351.0
209 -86566295.0 32706296.0
210 -86626320.0 32619091.0
211 -86501049.0 32655494.0
212 -86506303.0 32700921.0
213 -86518174.0 32694230.0
214 -86503282.0 32663540.0
215 -86603758.0 32704815.0
216 -86596575.0 32706514.0
217 -86496202.0 32667034.0
218 -86705134.0 32596470.0
219 -86581404.0 32706665.0
220 -86416592.0 32658499.0
221 -86415040.0 32658317.0
222 -86465482.0 32675791.0
223 -86434779.0 32656459.0
224 -86478908.0 32672367.0
225 -86473338.0 32662185.0
226 -86457019.0 32609114.0
227 -86443355.0 32693648.0
228 -86489666.0 32701084.0
229 -86486197.0 32700192.0
230 -86485412.0 32701338.0
231 -86481966.0 32692334.0
232 -86483732.0 32700995.0
233 -86482838.0 32702049.0
234 -86476280.0 32701227.0
235 -86476984.0 32699095.0
236 -86469343.0 32701022.0
237 -86459287.0 32690370.0
238 -86468556.0 32698639.0
239 -86489017.0 32702803.0
240 -86471592.0 32701732.0
241 -86467934.0 32701229.0
242 -86462134.0 32697656.0
243 -86450537.0 32704325.0
244 -86448705.0 32708112.0
245 -86471932.0 32701383.0
246 -86471399.0 32702075.0
247 -86467040.0 32703062.0
248 -86463763.0 32707943.0
249 -86460401.0 32701620.0
250 -86459017.0 32693234.0
251 -86457373.0 32693273.0
252 -86462513.0 32697793.0
253 -86417913.0 32688101.0
254 -86439777.0 32675593.0
255 -86412980.0 32673963.0
256 -86416215.0 32648784.0
257 -86416263.0 32673186.0
258 -86415431.0 32673275.0
259 -86417409.0 32638405.0
260 -86420820.0 32645485.0
261 -86469366.0 32662377.0
262 -86468696.0 32634279.0
263 -86428105.0 32647914.0
264 -86428105.0 32644190.0
265 -86444648.0 32641978.0
266 -86597673.0 32411364.0
267 -86598151.0 32414556.0
268 -86489398.0 32657619.0
269 -86436879.0 32701438.0
270 -86420490.0 32689703.0
271 -86415543.0 32678205.0
272 -86487854.0 32707546.0
273 -86471321.0 32702213.0
274 -86474113.0 32703501.0
275 -86490759.0 32667026.0
276 -86490128.0 32663009.0
277 -86488651.0 32629667.0
278 -86496681.0 32649164.0
279 -86499180.0 32655123.0
280 -86456933.0 32673658.0
281 -86454132.0 32657112.0
282 -86477022.0 32707684.0
283 -86459865.0 32689363.0
284 -86452937.0 32679627.0
285 -86415371.0 32670993.0
286 -86470197.0 32664889.0
287 -86492953.0 32657992.0
288 -86488508.0 32635478.0
289 -86412923.0 32659717.0
290 -86478620.0 32665070.0
291 -86478513.0 32665185.0
292 -86462772.0 32465747.0
293 -86461761.0 32465693.0
294 -86883631.0 32538325.0
295 -86882656.0 32541029.0
296 -86442174.0 32469635.0
297 -86904564.0 32548804.0
298 -86902263.0 32552149.0
299 -86896334.0 32560374.0
300 -86897768.0 32560374.0
301 -86900585.0 32554715.0
302 -86891384.0 32558562.0
303 -86894058.0 32566323.0
304 -86903103.0 32621142.0
305 -86901695.0 32622722.0
306 -86901970.0 32611219.0
307 -86905490.0 32609227.0
308 -86896887.0 32595752.0
309 -86900477.0 32595348.0
310 -86897351.0 32526484.0
311 -86896541.0 32535096.0
312 -86895421.0 32545479.0
313 -86895353.0 32546180.0
314 -86892944.0 32577305.0
315 -86891482.0 32578840.0
316 -86891828.0 32580172.0
317 -86897054.0 32583974.0
318 -86879150.0 32599428.0
319 -86876088.0 32597043.0
320 -86889896.0 32617991.0
321 -86903398.0 32622184.0
322 -86901889.0 32611541.0
323 -86902268.0 32609822.0
324 -86894128.0 32591649.0
325 -86897359.0 32583998.0
326 -86891332.0 32591818.0
327 -86898488.0 32586312.0
328 -86882173.0 32578584.0
329 -86706416.0 32599801.0
330 -86902123.0 32605979.0
331 -86900056.0 32589016.0
332 -86897684.0 32523688.0
333 -86904821.0 32611804.0
334 -86903137.0 32605410.0
335 -86898404.0 32587810.0
336 -86896688.0 32581607.0
337 -86894535.0 32559113.0
338 -86895552.0 32552119.0
339 -86898723.0 32576460.0
340 -86889290.0 32592344.0
341 -86894566.0 32595805.0
342 -86431882.0 32469826.0
343 -86431985.0 32467268.0
344 -86878979.0 32579361.0
345 -86883277.0 32579277.0
346 -86900555.0 32555319.0
347 -86896389.0 32536626.0
348 -86897059.0 32535126.0
349 -86881370.0 32542987.0
350 -86894162.0 32544192.0
351 -86460762.0 32446885.0
352 -86471170.0 32458146.0
353 -86436433.0 32460428.0
354 -86836984.0 32509074.0
355 -86837149.0 32509237.0
356 -86850422.0 32504969.0
357 -86846053.0 32504196.0
358 -86844636.0 32503951.0
359 -86808969.0 32510795.0
360 -86787948.0 32493000.0
361 -86790448.0 32500626.0
362 -86787364.0 32504858.0
363 -86771621.0 32516997.0
364 -86787323.0 32494865.0
365 -86786925.0 32529169.0
366 -86794173.0 32530316.0
367 -86866016.0 32535461.0
368 -86851057.0 32534207.0
369 -86850704.0 32531915.0
370 -86471439.0 32453795.0
371 -86472574.0 32451035.0
372 -86815515.0 32552315.0
373 -86815596.0 32552770.0
374 -86817600.0 32580452.0
375 -86789992.0 32585858.0
376 -86788313.0 32583848.0
377 -86850714.0 32619811.0
378 -86792423.0 32618120.0
379 -86778114.0 32582624.0
380 -86771129.0 32584158.0
381 -86774056.0 32579713.0
382 -86792997.0 32590028.0
383 -86797813.0 32607007.0
384 -86840908.0 32601255.0
385 -86832056.0 32600477.0
386 -86817519.0 32583637.0
387 -86809914.0 32583866.0
388 -86848072.0 32511959.0
389 -86803632.0 32613170.0
390 -86866480.0 32535581.0
391 -86824956.0 32542919.0
392 -86828444.0 32534166.0
393 -86823684.0 32543011.0
394 -86802992.0 32516409.0
395 -86767355.0 32546084.0
396 -86769809.0 32516127.0
397 -86766260.0 32522257.0
398 -86751270.0 32537978.0
399 -86750914.0 32545484.0
400 -86869481.0 32596700.0
401 -86828165.0 32600851.0
402 -86423601.0 32464065.0
403 -86854958.0 32569698.0
404 -86872918.0 32590351.0
405 -86806262.0 32564618.0
406 -86813412.0 32553690.0
407 -86801784.0 32572387.0
408 -86792842.0 32559073.0
409 -86785013.0 32589271.0
410 -86754856.0 32556408.0
411 -86749983.0 32554499.0
412 -86817950.0 32618657.0
413 -86807395.0 32619611.0
414 -86756739.0 32617834.0
415 -86752799.0 32623755.0
416 -86793925.0 32571442.0
417 -86527989.0 32465166.0
418 -86425690.0 32463146.0
419 -86474121.0 32452849.0
420 -86474159.0 32452274.0
421 -86787199.0 32514596.0
422 -86794456.0 32575406.0
423 -86762982.0 32588486.0
424 -86841784.0 32501407.0
425 -86527602.0 32462709.0
426 -86425694.0 32466250.0
427 -86423925.0 32466258.0
428 -86857279.0 32609619.0
429 -86865363.0 32620448.0
430 -86856983.0 32569552.0
431 -86761490.0 32551140.0
432 -86867463.0 32535836.0
433 -86756354.0 32559739.0
434 -86768658.0 32548870.0
435 -86830147.0 32520870.0
436 -86867701.0 32617861.0
437 -86827923.0 32585629.0
438 -86865291.0 32591914.0
439 -86869619.0 32570389.0
440 -86852474.0 32572796.0
441 -86783513.0 32579059.0
442 -86756240.0 32617557.0
443 -86754042.0 32617784.0
444 -86791217.0 32581307.0
445 -86756254.0 32557295.0
446 -86759393.0 32558346.0
447 -86430218.0 32466287.0
448 -86430380.0 32467992.0
449 -86805110.0 32524514.0
450 -86820437.0 32525413.0
451 -86781518.0 32504632.0
452 -86771566.0 32522411.0
453 -86763078.0 32524618.0
454 -86764743.0 32525301.0
455 -86431195.0 32467933.0
456 -86422829.0 32476151.0
457 -86426484.0 32467690.0
458 -86737587.0 32505309.0
459 -86713728.0 32499328.0
460 -86711465.0 32503942.0
461 -86516867.0 32438583.0
462 -86511095.0 32447808.0
463 -86660385.0 32512190.0
464 -86662223.0 32514843.0
465 -86651662.0 32549949.0
466 -86415470.0 32490492.0
467 -86415491.0 32494595.0
468 -86712791.0 32603431.0
469 -86741634.0 32580647.0
470 -86710919.0 32579712.0
471 -86747778.0 32580896.0
472 -86707888.0 32587599.0
473 -86634146.0 32571206.0
474 -86659312.0 32570092.0
475 -86667212.0 32580537.0
476 -86667505.0 32597177.0
477 -86710078.0 32578273.0
478 -86661220.0 32615208.0
479 -86645823.0 32523895.0
480 -86666570.0 32544201.0
481 -86655124.0 32551898.0
482 -86649788.0 32526199.0
483 -86652103.0 32526123.0
484 -86617136.0 32575305.0
485 -86723515.0 32613488.0
486 -86738912.0 32631075.0
487 -86417853.0 32440455.0
488 -86698311.0 32621283.0
489 -86674622.0 32610078.0
490 -86674235.0 32613804.0
491 -86664472.0 32605722.0
492 -86667746.0 32608157.0
493 -86414395.0 32445447.0
494 -86652236.0 32604001.0
495 -86652832.0 32603892.0
496 -86653096.0 32621118.0
497 -86653301.0 32621810.0
498 -86681950.0 32574263.0
499 -86654140.0 32524124.0
500 -86639292.0 32562913.0
501 -86648736.0 32578650.0
502 -86503204.0 32430834.0
503 -86666026.0 32560423.0
504 -86664699.0 32558522.0
505 -86685912.0 32559170.0
506 -86456675.0 32511783.0
507 -86694677.0 32541316.0
508 -86710398.0 32556964.0
509 -86416186.0 32460135.0
510 -86455646.0 32532768.0
511 -86457856.0 32532040.0
512 -86731969.0 32503498.0
513 -86728230.0 32503411.0
514 -86701475.0 32522447.0
515 -86711846.0 32517219.0
516 -86723635.0 32524235.0
517 -86731917.0 32523183.0
518 -86672412.0 32524250.0
519 -86666925.0 32526270.0
520 -86660084.0 32524127.0
521 -86667605.0 32512994.0
522 -86665930.0 32500134.0
523 -86635230.0 32521255.0
524 -86647362.0 32546786.0
525 -86744881.0 32557939.0
526 -86415173.0 32467735.0
527 -86416089.0 32465574.0
528 -86519786.0 32474575.0
529 -86683131.0 32574472.0
530 -86674859.0 32567281.0
531 -86706251.0 32594845.0
532 -86690435.0 32550157.0
533 -86636113.0 32505438.0
534 -86639905.0 32535392.0
535 -86668017.0 32524257.0
536 -86418073.0 32460335.0
537 -86419293.0 32462990.0
538 -86670588.0 32609143.0
539 -86673740.0 32609908.0
540 -86460061.0 32447598.0
541 -86680584.0 32590074.0
542 -86675958.0 32568237.0
543 -86464911.0 32429257.0
544 -86708917.0 32524703.0
545 -86480332.0 32495329.0
546 -86479075.0 32492334.0
547 -86617122.0 32519786.0
548 -86617568.0 32521644.0
549 -86508869.0 32536763.0
550 -86589927.0 32519500.0
551 -86590576.0 32516521.0
552 -86594718.0 32529809.0
553 -86466167.0 32429954.0
554 -86591328.0 32501971.0
555 -86585921.0 32505065.0
556 -86573947.0 32538566.0
557 -86571000.0 32550390.0
558 -86566103.0 32550046.0
559 -86583878.0 32553413.0
560 -86570349.0 32528255.0
561 -86564289.0 32528576.0
562 -86566101.0 32522413.0
563 -86463018.0 32480828.0
564 -86510115.0 32527763.0
565 -86502350.0 32532617.0
566 -86507032.0 32543454.0
567 -86507374.0 32544351.0
568 -86512705.0 32540138.0
569 -86512513.0 32545064.0
570 -86545356.0 32534555.0
571 -86531040.0 32554877.0
572 -86547354.0 32555774.0
573 -86559015.0 32568330.0
574 -86556714.0 32572980.0
575 -86579443.0 32563128.0
576 -86578504.0 32565942.0
577 -86604097.0 32574029.0
578 -86601011.0 32574120.0
579 -86599037.0 32574168.0
580 -86519997.0 32563123.0
581 -86519994.0 32568947.0
582 -86561554.0 32427005.0
583 -86519311.0 32583079.0
584 -86526561.0 32592820.0
585 -86546824.0 32581865.0
586 -86541789.0 32582079.0
587 -86564481.0 32604327.0
588 -86564183.0 32605289.0
589 -86564796.0 32603634.0
590 -86564535.0 32583018.0
591 -86565612.0 32579879.0
592 -86608879.0 32612017.0
593 -86604629.0 32611996.0
594 -86596606.0 32626895.0
595 -86587820.0 32622724.0
596 -86471165.0 32496011.0
597 -86470975.0 32495748.0
598 -86522442.0 32603426.0
599 -86573924.0 32575639.0
600 -86471974.0 32445736.0
601 -86463344.0 32451957.0
602 -86463187.0 32451972.0
603 -86614607.0 32593479.0
604 -86612785.0 32575305.0
605 -86618504.0 32503491.0
606 -86557899.0 32410576.0
607 -86613686.0 32517576.0
608 -86594216.0 32489890.0
609 -86583323.0 32499218.0
610 -86599749.0 32530977.0
611 -86597974.0 32538132.0
612 -86590792.0 32515376.0
613 -86578107.0 32503806.0
614 -86574483.0 32503165.0
615 -86570940.0 32500134.0
616 -86573919.0 32502089.0
617 -86485369.0 32455667.0
618 -86486011.0 32456209.0
619 -86512922.0 32539473.0
620 -86541745.0 32541392.0
621 -86556364.0 32541064.0
622 -86512231.0 32519396.0
623 -86575897.0 32551650.0
624 -86586423.0 32547401.0
625 -86575347.0 32561475.0
626 -86578308.0 32575616.0
627 -86545782.0 32550436.0
628 -86551544.0 32582972.0
629 -86511385.0 32530055.0
630 -86511336.0 32532834.0
631 -86548997.0 32601027.0
632 -86474159.0 32450576.0
633 -86604596.0 32600884.0
634 -86612786.0 32573452.0
635 -86460654.0 32446735.0
636 -86614607.0 32593577.0
637 -86614640.0 32597278.0
638 -86589748.0 32595520.0
639 -86593950.0 32599138.0
640 -86581774.0 32606962.0
641 -86592771.0 32611106.0
642 -86583324.0 32613445.0
643 -86587738.0 32621212.0
644 -86580280.0 32613079.0
645 -86566971.0 32608932.0
646 -86545881.0 32622885.0
647 -86548984.0 32603419.0
648 -86552264.0 32578242.0
649 -86504808.0 32580094.0
650 -86515379.0 32600469.0
651 -86520235.0 32601200.0
652 -86486075.0 32478855.0
653 -86486075.0 32478435.0
654 -86467689.0 32470994.0
655 -86467449.0 32471576.0
656 -86437527.0 32465245.0
657 -86497175.0 32596866.0
658 -86596850.0 32517665.0
659 -86435922.0 32465567.0
660 -86599040.0 32517230.0
661 -86561392.0 32575446.0
662 -86519257.0 32568923.0
663 -86629139.0 32525995.0
664 -86613689.0 32521173.0
665 -86598581.0 32585252.0
666 -86600150.0 32591020.0
667 -86581584.0 32584735.0
668 -86621472.0 32569060.0
669 -86514174.0 32561006.0
670 -86549092.0 32502428.0
671 -86549095.0 32498325.0
672 -86531077.0 32606036.0
673 -86524122.0 32604161.0
674 -86520181.0 32575357.0
675 -86518746.0 32576548.0
676 -86521978.0 32551941.0
677 -86512508.0 32549057.0
678 -86597265.0 32539227.0
679 -86511166.0 32529209.0
680 -86619047.0 32505534.0
681 -86418073.0 32463848.0
682 -86509338.0 32606950.0
683 -86543260.0 32503129.0
684 -86501575.0 32518549.0
685 -86506796.0 32522678.0
686 -86421738.0 32464735.0
687 -86418092.0 32464660.0
688 -86466439.0 32470929.0
689 -86467474.0 32465835.0
690 -86466774.0 32491234.0
691 -86483452.0 32525224.0
692 -86483075.0 32528564.0
693 -86457581.0 32512399.0
694 -86460757.0 32512467.0
695 -86456360.0 32502560.0
696 -86456592.0 32511276.0
697 -86454960.0 32521799.0
698 -86453132.0 32517532.0
699 -86449562.0 32517579.0
700 -86449643.0 32515287.0
701 -86448454.0 32516433.0
702 -86451996.0 32515218.0
703 -86456189.0 32523237.0
704 -86455402.0 32529343.0
705 -86451809.0 32530913.0
706 -86451430.0 32529653.0
707 -86452841.0 32529656.0
708 -86452512.0 32526675.0
709 -86458097.0 32446503.0
710 -86433933.0 32469123.0
711 -86415829.0 32518150.0
712 -86449809.0 32544157.0
713 -86451460.0 32551764.0
714 -86447317.0 32552078.0
715 -86445103.0 32562297.0
716 -86461828.0 32560969.0
717 -86417627.0 32464506.0
718 -86481005.0 32553127.0
719 -86496360.0 32541978.0
720 -86477269.0 32541184.0
721 -86493507.0 32558948.0
722 -86485011.0 32559524.0
723 -86479746.0 32565304.0
724 -86479009.0 32569103.0
725 -86483431.0 32590434.0
726 -86448541.0 32602271.0
727 -86442386.0 32666902.0
728 -86467792.0 32607599.0
729 -86464771.0 32608933.0
730 -86427769.0 32604310.0
731 -86462270.0 32583747.0
732 -86436336.0 32610031.0
733 -86590256.0 32705431.0
734 -86590473.0 32706575.0
735 -86418989.0 32588836.0
736 -86420882.0 32596833.0
737 -86491911.0 32605300.0
738 -86485143.0 32603951.0
739 -86455694.0 32533333.0
740 -86497907.0 32513724.0
741 -86497716.0 32513491.0
742 -86483254.0 32528416.0
743 -86481962.0 32529483.0
744 -86461067.0 32506587.0
745 -86458390.0 32511047.0
746 -86469771.0 32536501.0
747 -86470656.0 32537362.0
748 -86471847.0 32538814.0
749 -86456219.0 32536870.0
750 -86455720.0 32537600.0
751 -86449485.0 32543722.0
752 -86446489.0 32546389.0
753 -86441613.0 32542760.0
754 -86414356.0 32533051.0
755 -86413878.0 32534043.0
756 -86430400.0 32536957.0
757 -86440450.0 32548809.0
758 -86430576.0 32537338.0
759 -86413379.0 32517691.0
760 -86433848.0 32565054.0
761 -86460124.0 32573094.0
762 -86449678.0 32570770.0
763 -86458313.0 32583956.0
764 -86458314.0 32586545.0
765 -86457714.0 32583960.0
766 -86453322.0 32584017.0
767 -86429258.0 32581224.0
768 -86470462.0 32578729.0
769 -86480011.0 32570936.0
770 -86472201.0 32582303.0
771 -86488077.0 32623037.0
772 -86491127.0 32607065.0
773 -86496454.0 32597371.0
774 -86471000.0 32581659.0
775 -86456967.0 32587447.0
776 -86456357.0 32587813.0
777 -86431411.0 32591289.0
778 -86428406.0 32604555.0
779 -86425594.0 32614806.0
780 -86458097.0 32448892.0
781 -86487735.0 32590959.0
782 -86486128.0 32590855.0
783 -86454469.0 32495672.0
784 -86432927.0 32591427.0
785 -86446493.0 32494155.0
786 -86456432.0 32521656.0
787 -86455381.0 32528686.0
788 -86455801.0 32534359.0
789 -86457873.0 32549907.0
790 -86457954.0 32551076.0
791 -86464341.0 32574758.0
792 -86464359.0 32586061.0
793 -86481094.0 32615488.0
794 -86487400.0 32625444.0
795 -86455762.0 32547571.0
796 -86412073.0 32492934.0
797 -86429073.0 32514217.0
798 -86436790.0 32504099.0
799 -86447674.0 32493834.0
800 -86480708.0 32611766.0
801 -86454460.0 32534739.0
802 -86451038.0 32544505.0
803 -86422222.0 32503202.0
804 -86420574.0 32503593.0
805 -86412292.0 32524384.0
806 -86431284.0 32538864.0
807 -86432848.0 32550023.0
808 -86476987.0 32572895.0
809 -86424719.0 32620844.0
810 -86485290.0 32590734.0
811 -86452995.0 32584026.0
812 -86458971.0 32576786.0
813 -86425933.0 32585856.0
814 -86444373.0 32531225.0
815 -86446076.0 32535725.0
816 -86488360.0 32504844.0
817 -86444053.0 32503160.0
818 -86444305.0 32507339.0
819 -86447206.0 32507339.0
820 -86451875.0 32477250.0
821 -86453383.0 32485110.0
822 -86453374.0 32485035.0
823 -86470472.0 32608816.0
824 -86459467.0 32609727.0
825 -86426754.0 32612052.0
826 -86491993.0 32617520.0
827 -86493602.0 32612299.0
828 -86480925.0 32591901.0
829 -86481390.0 32591926.0
830 -86468807.0 32608033.0
831 -86469894.0 32606564.0
832 -86464393.0 32602981.0
833 -86464349.0 32587504.0
834 -86459275.0 32609729.0
835 -86417469.0 32464506.0
836 -86466585.0 32587055.0
837 -86418116.0 32465572.0
838 -86427869.0 32609219.0
839 -86428624.0 32610143.0
840 -86463534.0 32603102.0
841 -86466452.0 32602010.0
842 -86456983.0 32608717.0
843 -86567544.0 32670003.0
844 -86431819.0 32541493.0
845 -86432577.0 32538296.0
846 -86441585.0 32543001.0
847 -86413426.0 32533298.0
848 -86567993.0 32669746.0
849 -86434907.0 32551036.0
850 -86444291.0 32547246.0
851 -86435890.0 32560736.0
852 -86454569.0 32582972.0
853 -86478637.0 32676271.0
854 -86478833.0 32575450.0
855 -86475375.0 32577310.0
856 -86487240.0 32570657.0
857 -86489650.0 32569111.0
858 -86495961.0 32581808.0
859 -86486729.0 32529610.0
860 -86461752.0 32576685.0
861 -86468945.0 32548203.0
862 -86472343.0 32539834.0
863 -86472339.0 32541251.0
864 -86471806.0 32540059.0
865 -86466197.0 32446146.0
866 -86416509.0 32467296.0
867 -86416839.0 32466736.0
868 -86477522.0 32536371.0
869 -86480032.0 32537748.0
870 -86416237.0 32466361.0
871 -86483158.0 32532819.0
872 -86478276.0 32526239.0
873 -86493781.0 32507416.0
874 -86486667.0 32503529.0
875 -86488828.0 32500134.0
876 -86489115.0 32502275.0
877 -86434473.0 32460435.0
878 -86461180.0 32534392.0
879 -86453411.0 32535712.0
880 -86472281.0 32496834.0
881 -86471442.0 32496069.0
882 -86454147.0 32528321.0
883 -86450912.0 32529369.0
884 -86437439.0 32528986.0
885 -86424895.0 32476688.0
886 -86417428.0 32503753.0
887 -86413406.0 32509877.0
888 -86462174.0 32480935.0
889 -86418187.0 32568316.0
890 -86419458.0 32569552.0
891 -86438936.0 32441182.0
892 -86436073.0 32442636.0
893 -86434501.0 32438105.0
894 -86434510.0 32550429.0
895 -86412342.0 32550226.0
896 -86412276.0 32525076.0
897 -86412210.0 32527681.0
898 -86464833.0 32436935.0
899 -86464874.0 32435836.0
900 -86419293.0 32463981.0
901 -86416584.0 32429809.0
902 -86416761.0 32430913.0
903 -86419073.0 32454735.0
904 -86417267.0 32430546.0
905 -86426055.0 32456195.0
906 -86424714.0 32456196.0
907 -86422283.0 32457386.0
908 -86414756.0 32429082.0
909 -86424430.0 32458453.0
910 -86423996.0 32456331.0
911 -86424733.0 32454903.0
912 -86429952.0 32451910.0
913 -86429926.0 32451498.0
914 -86433168.0 32458386.0
915 -86427373.0 32453535.0
916 -86430969.0 32457166.0
917 -86426073.0 32448436.0
918 -86424962.0 32450885.0
919 -86433324.0 32456142.0
920 -86487335.0 32470980.0
921 -86423565.0 32452739.0
922 -86461820.0 32476608.0
923 -86462276.0 32478293.0
924 -86488775.0 32488534.0
925 -86489075.0 32485935.0
926 -86488075.0 32485985.0
927 -86487075.0 32488534.0
928 -86638977.0 32531806.0
929 -86479075.0 32489234.0
930 -86477775.0 32492334.0
931 -86499975.0 32467378.0
932 -86503328.0 32481131.0
933 -86427370.0 32453591.0
934 -86492575.0 32475635.0
935 -86491575.0 32474735.0
936 -86490775.0 32476135.0
937 -86487749.0 32471337.0
938 -86498275.0 32464535.0
939 -86496275.0 32461435.0
940 -86494775.0 32466035.0
941 -86494775.0 32466335.0
942 -86486675.0 32482835.0
943 -86484975.0 32483535.0
944 -86485175.0 32484435.0
945 -86486075.0 32480835.0
946 -86486075.0 32480035.0
947 -86486775.0 32478435.0
948 -86488554.0 32482723.0
949 -86486275.0 32476535.0
950 -86486075.0 32479235.0
951 -86485075.0 32479935.0
952 -86485433.0 32475671.0
953 -86481275.0 32478435.0
954 -86482775.0 32477235.0
955 -86482275.0 32475835.0
956 -86560127.0 32398145.0
957 -86486451.0 32470239.0
958 -86486575.0 32470935.0
959 -86485875.0 32466335.0
960 -86485375.0 32469235.0
961 -86485975.0 32465135.0
962 -86486908.0 32465135.0
963 -86485875.0 32463535.0
964 -86486375.0 32461235.0
965 -86479669.0 32466212.0
966 -86477974.0 32466935.0
967 -86476174.0 32467535.0
968 -86482075.0 32466435.0
969 -86481175.0 32467135.0
970 -86479583.0 32464705.0
971 -86480174.0 32464035.0
972 -86478974.0 32463235.0
973 -86478174.0 32464635.0
974 -86475174.0 32465735.0
975 -86477774.0 32463735.0
976 -86476974.0 32464535.0
977 -86479487.0 32463235.0
978 -86479274.0 32463235.0
979 -86472567.0 32496449.0
980 -86472969.0 32493986.0
981 -86471274.0 32486935.0
982 -86471274.0 32486535.0
983 -86470174.0 32487035.0
984 -86470174.0 32485435.0
985 -86461274.0 32488434.0
986 -86455974.0 32488435.0
987 -86455974.0 32486035.0
988 -86469774.0 32483435.0
989 -86472274.0 32483435.0
990 -86473174.0 32481035.0
991 -86471374.0 32481835.0
992 -86473574.0 32479135.0
993 -86473574.0 32476035.0
994 -86474974.0 32476035.0
995 -86476174.0 32474335.0
996 -86474974.0 32474935.0
997 -86473974.0 32473935.0
998 -86474374.0 32473335.0
999 -86471372.0 32476434.0
1000 -86471373.0 32478635.0
1001 -86472374.0 32474035.0
1002 -86514145.0 32472299.0
1003 -86515193.0 32472722.0
1004 -86470974.0 32475335.0
1005 -86469774.0 32482036.0
1006 -86469215.0 32475479.0
1007 -86474674.0 32470535.0
1008 -86474774.0 32469735.0
1009 -86475974.0 32467235.0
1010 -86474874.0 32468935.0
1011 -86475074.0 32466935.0
1012 -86470774.0 32473535.0
1013 -86472017.0 32467242.0
1014 -86476274.0 32463635.0
1015 -86475374.0 32463035.0
1016 -86473868.0 32462931.0
1017 -86473735.0 32461212.0
1018 -86472174.0 32465635.0
1019 -86472214.0 32465028.0
1020 -86469474.0 32462535.0
1021 -86469374.0 32471935.0
1022 -86469374.0 32471335.0
1023 -86468286.0 32473535.0
1024 -86465674.0 32473535.0
1025 -86469281.0 32465045.0
1026 -86468374.0 32467235.0
1027 -86469416.0 32463343.0
1028 -86466004.0 32465989.0
1029 -86466374.0 32463735.0
1030 -86465274.0 32461435.0
1031 -86466074.0 32461735.0
1032 -86461174.0 32485335.0
1033 -86458165.0 32486593.0
1034 -86458974.0 32479535.0
1035 -86459474.0 32475535.0
1036 -86461459.0 32475275.0
1037 -86456074.0 32472535.0
1038 -86457274.0 32474535.0
1039 -86451916.0 32481692.0
1040 -86451874.0 32479835.0
1041 -86454474.0 32478335.0
1042 -86456274.0 32474135.0
1043 -86455274.0 32473735.0
1044 -86450274.0 32473543.0
1045 -86451874.0 32473335.0
1046 -86447674.0 32474435.0
1047 -86462674.0 32467035.0
1048 -86456474.0 32459980.0
1049 -86458974.0 32461335.0
1050 -86456574.0 32471635.0
1051 -86454974.0 32470935.0
1052 -86455274.0 32470435.0
1053 -86457474.0 32468335.0
1054 -86457474.0 32464435.0
1055 -86450874.0 32466235.0
1056 -86456874.0 32461835.0
1057 -86455474.0 32462535.0
1058 -86454474.0 32462635.0
1059 -86448769.0 32462235.0
1060 -86446374.0 32480235.0
1061 -86446174.0 32479535.0
1062 -86451074.0 32475635.0
1063 -86444574.0 32478635.0
1064 -86447674.0 32476535.0
1065 -86433314.0 32423959.0
1066 -86446374.0 32474235.0
1067 -86443974.0 32481235.0
1068 -86444474.0 32476935.0
1069 -86444474.0 32476035.0
1070 -86442074.0 32473135.0
1071 -86442974.0 32471435.0
1072 -86440974.0 32472535.0
1073 -86440074.0 32476935.0
1074 -86438973.0 32475835.0
1075 -86439273.0 32474535.0
1076 -86450274.0 32472735.0
1077 -86449374.0 32471935.0
1078 -86448174.0 32470435.0
1079 -86449174.0 32468635.0
1080 -86450174.0 32469035.0
1081 -86446674.0 32466035.0
1082 -86448274.0 32470235.0
1083 -86445874.0 32469435.0
1084 -86445074.0 32466435.0
1085 -86444774.0 32468035.0
1086 -86450876.0 32464633.0
1087 -86450876.0 32464035.0
1088 -86447917.0 32463929.0
1089 -86450876.0 32463332.0
1090 -86450874.0 32460335.0
1091 -86446210.0 32464245.0
1092 -86445374.0 32466335.0
1093 -86447642.0 32462961.0
1094 -86447474.0 32462235.0
1095 -86447474.0 32461335.0
1096 -86447474.0 32460335.0
1097 -86441974.0 32471835.0
1098 -86439273.0 32471635.0
1099 -86441773.0 32468635.0
1100 -86439273.0 32466535.0
1101 -86437973.0 32470635.0
1102 -86438273.0 32467135.0
1103 -86438473.0 32468635.0
1104 -86443273.0 32465935.0
1105 -86441973.0 32463535.0
1106 -86441773.0 32465535.0
1107 -86443773.0 32461335.0
1108 -86443773.0 32460435.0
1109 -86438973.0 32462835.0
1110 -86441473.0 32461535.0
1111 -86438573.0 32460435.0
1112 -86438173.0 32479035.0
1113 -86437373.0 32477235.0
1114 -86436980.0 32470714.0
1115 -86421843.0 32482566.0
1116 -86437673.0 32460435.0
1117 -86488805.0 32449696.0
1118 -86501790.0 32451968.0
1119 -86494275.0 32440936.0
1120 -86490875.0 32441036.0
1121 -86490875.0 32438036.0
1122 -86489774.0 32438036.0
1123 -86484188.0 32456313.0
1124 -86485052.0 32455400.0
1125 -86487275.0 32452435.0
1126 -86488475.0 32449035.0
1127 -86486275.0 32448935.0
1128 -86484074.0 32452635.0
1129 -86482845.0 32450808.0
1130 -86475874.0 32458835.0
1131 -86483192.0 32457366.0
1132 -86481774.0 32455552.0
1133 -86479774.0 32456235.0
1134 -86479773.0 32455133.0
1135 -86479774.0 32454535.0
1136 -86479774.0 32453835.0
1137 -86474629.0 32454946.0
1138 -86478174.0 32453835.0
1139 -86476274.0 32453035.0
1140 -86483786.0 32444216.0
1141 -86483342.0 32443865.0
1142 -86488374.0 32435536.0
1143 -86489374.0 32433336.0
1144 -86486574.0 32436936.0
1145 -86486274.0 32436436.0
1146 -86483074.0 32436036.0
1147 -86482517.0 32444615.0
1148 -86485674.0 32439736.0
1149 -86482674.0 32435336.0
1150 -86482274.0 32436436.0
1151 -86499516.0 32430715.0
1152 -86497479.0 32430681.0
1153 -86489174.0 32431236.0
1154 -86487474.0 32430736.0
1155 -86485174.0 32432936.0
1156 -86488074.0 32418736.0
1157 -86477618.0 32430899.0
1158 -86499274.0 32392537.0
1159 -86507791.0 32387798.0
1160 -86477574.0 32403237.0
1161 -86475374.0 32459835.0
1162 -86473746.0 32460642.0
1163 -86473174.0 32457235.0
1164 -86472774.0 32459635.0
1165 -86470474.0 32457135.0
1166 -86470574.0 32456235.0
1167 -86469274.0 32453535.0
1168 -86468774.0 32458379.0
1169 -86467274.0 32459235.0
1170 -86466174.0 32457735.0
1171 -86467374.0 32456335.0
1172 -86528567.0 32523050.0
1173 -86465874.0 32460635.0
1174 -86464674.0 32459135.0
1175 -86463974.0 32456135.0
1176 -86464374.0 32457635.0
1177 -86466574.0 32446736.0
1178 -86464574.0 32451935.0
1179 -86464471.0 32451536.0
1180 -86475074.0 32445736.0
1181 -86474874.0 32441336.0
1182 -86473274.0 32445436.0
1183 -86471974.0 32445036.0
1184 -86473474.0 32443836.0
1185 -86471274.0 32443036.0
1186 -86476074.0 32439336.0
1187 -86473774.0 32438236.0
1188 -86471374.0 32437343.0
1189 -86473174.0 32437136.0
1190 -86473111.0 32436736.0
1191 -86472974.0 32435536.0
1192 -86471374.0 32436236.0
1193 -86475534.0 32430929.0
1194 -86475374.0 32430936.0
1195 -86465973.0 32440136.0
1196 -86467474.0 32438936.0
1197 -86467274.0 32436936.0
1198 -86464774.0 32438536.0
1199 -86467274.0 32436276.0
1200 -86464902.0 32430933.0
1201 -86463775.0 32428584.0
1202 -86651544.0 32522562.0
1203 -86462574.0 32457835.0
1204 -86463274.0 32457435.0
1205 -86462074.0 32455835.0
1206 -86462474.0 32454835.0
1207 -86460267.0 32459611.0
1208 -86459074.0 32459735.0
1209 -86462574.0 32452335.0
1210 -86462774.0 32448736.0
1211 -86462274.0 32447536.0
1212 -86457874.0 32451035.0
1213 -86458374.0 32450635.0
1214 -86452374.0 32460240.0
1215 -86452374.0 32459235.0
1216 -86451074.0 32457935.0
1217 -86450874.0 32455935.0
1218 -86457074.0 32452635.0
1219 -86455674.0 32453635.0
1220 -86454774.0 32452635.0
1221 -86455474.0 32448836.0
1222 -86454574.0 32448236.0
1223 -86453974.0 32449935.0
1224 -86453874.0 32448936.0
1225 -86452874.0 32449736.0
1226 -86463474.0 32446536.0
1227 -86463374.0 32446036.0
1228 -86460592.0 32439275.0
1229 -86462311.0 32447243.0
1230 -86459454.0 32447322.0
1231 -86451973.0 32438436.0
1232 -86452274.0 32446736.0
1233 -86451774.0 32443636.0
1234 -86471274.0 32433036.0
1235 -86470713.0 32434305.0
1236 -86471274.0 32430996.0
1237 -86469374.0 32431036.0
1238 -86468722.0 32429854.0
1239 -86468728.0 32429228.0
1240 -86466774.0 32430236.0
1241 -86466774.0 32431036.0
1242 -86464910.0 32428411.0
1243 -86464382.0 32427815.0
1244 -86463774.0 32425336.0
1245 -86464274.0 32424036.0
1246 -86439806.0 32413982.0
1247 -86467478.0 32405619.0
1248 -86462475.0 32427760.0
1249 -86460147.0 32426391.0
1250 -86462074.0 32425336.0
1251 -86463974.0 32422036.0
1252 -86451873.0 32427136.0
1253 -86453873.0 32406137.0
1254 -86448674.0 32457235.0
1255 -86448974.0 32459435.0
1256 -86448174.0 32454935.0
1257 -86450474.0 32455535.0
1258 -86446373.0 32454935.0
1259 -86444773.0 32459435.0
1260 -86444773.0 32458535.0
1261 -86442273.0 32456735.0
1262 -86442584.0 32458535.0
1263 -86447373.0 32454935.0
1264 -86447573.0 32452435.0
1265 -86450474.0 32452235.0
1266 -86447573.0 32451635.0
1267 -86445973.0 32452135.0
1268 -86446573.0 32450036.0
1269 -86445573.0 32450036.0
1270 -86442673.0 32460435.0
1271 -86442626.0 32459435.0
1272 -86441773.0 32456735.0
1273 -86658151.0 32447550.0
1274 -86658757.0 32448265.0
1275 -86440173.0 32455535.0
1276 -86505282.0 32537734.0
1277 -86438973.0 32447636.0
1278 -86444573.0 32450036.0
1279 -86445293.0 32438963.0
1280 -86435473.0 32447936.0
1281 -86429173.0 32460435.0
1282 -86427573.0 32458835.0
1283 -86427373.0 32457735.0
1284 -86425684.0 32460435.0
1285 -86423643.0 32476109.0
1286 -86429573.0 32450236.0
1287 -86431373.0 32448036.0
1288 -86430473.0 32448136.0
1289 -86428673.0 32451436.0
1290 -86426057.0 32453535.0
1291 -86428619.0 32449508.0
1292 -86427173.0 32448436.0
1293 -86427172.0 32447238.0
1294 -86427073.0 32450736.0
1295 -86436773.0 32445936.0
1296 -86433473.0 32443736.0
1297 -86442373.0 32439436.0
1298 -86433073.0 32447036.0
1299 -86432373.0 32448036.0
1300 -86431873.0 32446236.0
1301 -86428173.0 32438236.0
1302 -86430973.0 32447236.0
1303 -86427773.0 32446236.0
1304 -86431873.0 32445336.0
1305 -86428873.0 32442836.0
1306 -86427173.0 32445336.0
1307 -86426773.0 32443636.0
1308 -86423873.0 32442436.0
1309 -86447473.0 32427836.0
1310 -86446873.0 32427936.0
1311 -86445673.0 32428136.0
1312 -86445673.0 32423736.0
1313 -86443973.0 32428036.0
1314 -86443473.0 32423736.0
1315 -86436564.0 32423837.0
1316 -86468374.0 32405037.0
1317 -86498405.0 32520577.0
1318 -86429557.0 32478779.0
1319 -86420273.0 32482635.0
1320 -86423564.0 32468017.0
1321 -86418073.0 32482835.0
1322 -86418173.0 32467935.0
1323 -86418823.0 32432691.0
1324 -86417981.0 32432006.0
1325 -86422473.0 32460361.0
1326 -86421212.0 32460332.0
1327 -86412964.0 32459779.0
1328 -86411673.0 32459635.0
1329 -86423773.0 32448036.0
1330 -86423372.0 32436390.0
1331 -86425073.0 32435436.0
1332 -86422943.0 32435498.0
1333 -86423473.0 32435036.0
1334 -86422273.0 32434936.0
1335 -86422621.0 32435779.0
1336 -86421950.0 32433064.0
1337 -86417773.0 32431824.0
1338 -86417458.0 32431549.0
1339 -86412172.0 32424736.0
1340 -86411872.0 32424736.0
1341 -86411272.0 32421436.0
1342 -86462735.0 32466630.0
1343 -86879679.0 32499024.0
1344 -86794248.0 32391188.0
1345 -86793747.0 32394617.0
1346 -86802996.0 32428974.0
1347 -86804081.0 32431945.0
1348 -86808618.0 32479285.0
1349 -86800181.0 32420309.0
1350 -86804099.0 32433323.0
1351 -86804299.0 32452362.0
1352 -86791541.0 32446219.0
1353 -86809584.0 32484755.0
1354 -86779992.0 32467360.0
1355 -86776783.0 32456092.0
1356 -86769322.0 32460604.0
1357 -86763732.0 32449625.0
1358 -86763731.0 32451416.0
1359 -86755990.0 32428633.0
1360 -86760261.0 32424671.0
1361 -86779651.0 32407457.0
1362 -86812214.0 32446610.0
1363 -86806111.0 32449671.0
1364 -86852356.0 32478248.0
1365 -86821017.0 32392578.0
1366 -86827217.0 32411164.0
1367 -86820751.0 32427569.0
1368 -86830155.0 32436321.0
1369 -86831925.0 32465911.0
1370 -86854492.0 32478041.0
1371 -86851795.0 32474164.0
1372 -86748797.0 32450079.0
1373 -86778802.0 32456713.0
1374 -86788106.0 32458707.0
1375 -86836396.0 32469768.0
1376 -86870356.0 32471694.0
1377 -86821705.0 32498579.0
1378 -86800966.0 32497433.0
1379 -86805265.0 32495738.0
1380 -86797614.0 32493468.0
1381 -86874155.0 32493019.0
1382 -86752655.0 32486947.0
1383 -86806137.0 32479800.0
1384 -86862278.0 32477190.0
1385 -86836283.0 32470976.0
1386 -86864409.0 32469927.0
1387 -86863377.0 32463901.0
1388 -86857403.0 32466961.0
1389 -86836322.0 32459601.0
1390 -86819322.0 32459992.0
1391 -86849292.0 32452586.0
1392 -86791630.0 32450171.0
1393 -86859368.0 32445616.0
1394 -86783759.0 32444865.0
1395 -86797216.0 32444478.0
1396 -86853610.0 32440348.0
1397 -86791402.0 32443339.0
1398 -86775036.0 32432146.0
1399 -86832963.0 32431577.0
1400 -86749982.0 32429030.0
1401 -86802218.0 32419366.0
1402 -86844087.0 32409394.0
1403 -86786447.0 32402131.0
1404 -86833940.0 32393878.0
1405 -86805084.0 32391227.0
1406 -86803141.0 32378281.0
1407 -86803182.0 32379447.0
1408 -86797011.0 32374407.0
1409 -86834651.0 32479535.0
1410 -86803418.0 32390446.0
1411 -86819702.0 32494659.0
1412 -86787887.0 32494871.0
1413 -86828115.0 32469248.0
1414 -86832061.0 32457801.0
1415 -86756124.0 32451733.0
1416 -86804256.0 32460932.0
1417 -86804247.0 32446804.0
1418 -86418321.0 32503142.0
1419 -86818639.0 32423884.0
1420 -86824198.0 32417226.0
1421 -86809944.0 32409994.0
1422 -86823396.0 32397908.0
1423 -86834926.0 32393425.0
1424 -86874532.0 32492269.0
1425 -86773230.0 32478641.0
1426 -86418276.0 32430030.0
1427 -86843077.0 32496016.0
1428 -86810456.0 32490582.0
1429 -86800891.0 32484720.0
1430 -86799055.0 32482756.0
1431 -86772379.0 32487907.0
1432 -86782704.0 32459531.0
1433 -86792884.0 32442611.0
1434 -86833404.0 32439925.0
1435 -86829464.0 32433660.0
1436 -86825009.0 32418390.0
1437 -86825430.0 32418696.0
1438 -86810323.0 32377792.0
1439 -86795996.0 32412606.0
1440 -86795397.0 32412774.0
1441 -86753537.0 32422912.0
1442 -86758470.0 32414819.0
1443 -86748344.0 32458672.0
1444 -86779662.0 32395588.0
1445 -86710349.0 32476075.0
1446 -86710265.0 32465215.0
1447 -86710126.0 32450893.0
1448 -86709989.0 32441911.0
1449 -86709934.0 32436068.0
1450 -86675460.0 32414668.0
1451 -86675553.0 32418454.0
1452 -86679648.0 32385522.0
1453 -86546823.0 32579029.0
1454 -86541875.0 32579176.0
1455 -86671704.0 32414725.0
1456 -86527259.0 32599255.0
1457 -86636451.0 32464633.0
1458 -86634241.0 32455237.0
1459 -86640750.0 32463008.0
1460 -86642384.0 32460129.0
1461 -86650000.0 32444451.0
1462 -86649378.0 32438805.0
1463 -86648491.0 32436430.0
1464 -86645574.0 32438080.0
1465 -86642438.0 32437253.0
1466 -86659377.0 32491191.0
1467 -86654446.0 32407401.0
1468 -86649668.0 32415107.0
1469 -86648637.0 32437181.0
1470 -86663080.0 32443996.0
1471 -86657676.0 32439068.0
1472 -86655408.0 32436180.0
1473 -86653519.0 32431480.0
1474 -86651709.0 32429168.0
1475 -86652049.0 32429622.0
1476 -86650170.0 32427106.0
1477 -86649742.0 32416221.0
1478 -86660972.0 32402917.0
1479 -86665140.0 32414827.0
1480 -86674732.0 32392968.0
1481 -86678901.0 32405507.0
1482 -86473430.0 32468348.0
1483 -86689916.0 32401483.0
1484 -86696961.0 32405755.0
1485 -86697450.0 32436115.0
1486 -86695867.0 32436187.0
1487 -86733440.0 32435695.0
1488 -86684132.0 32441546.0
1489 -86679949.0 32441447.0
1490 -86738625.0 32477029.0
1491 -86745964.0 32498359.0
1492 -86738877.0 32493963.0
1493 -86512757.0 32471739.0
1494 -86707212.0 32471952.0
1495 -86627739.0 32437179.0
1496 -86624978.0 32437224.0
1497 -86635044.0 32437173.0
1498 -86640412.0 32437183.0
1499 -86656976.0 32431553.0
1500 -86661705.0 32430798.0
1501 -86668622.0 32429905.0
1502 -86500417.0 32520811.0
1503 -86684022.0 32437215.0
1504 -86695187.0 32441981.0
1505 -86705883.0 32445417.0
1506 -86727242.0 32450436.0
1507 -86728826.0 32450682.0
1508 -86745639.0 32498566.0
1509 -86658115.0 32505384.0
1510 -86694104.0 32494821.0
1511 -86663469.0 32456794.0
1512 -86664995.0 32460430.0
1513 -86416607.0 32490474.0
1514 -86712548.0 32477908.0
1515 -86625581.0 32471846.0
1516 -86731940.0 32461474.0
1517 -86731327.0 32461434.0
1518 -86676535.0 32452545.0
1519 -86677157.0 32452980.0
1520 -86416628.0 32491547.0
1521 -86722369.0 32454259.0
1522 -86664815.0 32431259.0
1523 -86658596.0 32435700.0
1524 -86656543.0 32435516.0
1525 -86657813.0 32434738.0
1526 -86659056.0 32434005.0
1527 -86637793.0 32433975.0
1528 -86661677.0 32434669.0
1529 -86657706.0 32432447.0
1530 -86652302.0 32432193.0
1531 -86651330.0 32430978.0
1532 -86654707.0 32430842.0
1533 -86650439.0 32429878.0
1534 -86650848.0 32430383.0
1535 -86652547.0 32428160.0
1536 -86498176.0 32521547.0
1537 -86647317.0 32428494.0
1538 -86705798.0 32427519.0
1539 -86650873.0 32524122.0
1540 -86679673.0 32415677.0
1541 -86679674.0 32414623.0
1542 -86745069.0 32408056.0
1543 -86636485.0 32404049.0
1544 -86695636.0 32397505.0
1545 -86671546.0 32392876.0
1546 -86674404.0 32392921.0
1547 -86672492.0 32386232.0
1548 -86672573.0 32387286.0
1549 -86656535.0 32379698.0
1550 -86715487.0 32395234.0
1551 -86672430.0 32441820.0
1552 -86664674.0 32443858.0
1553 -86676172.0 32452988.0
1554 -86650126.0 32439427.0
1555 -86651985.0 32440563.0
1556 -86678903.0 32360825.0
1557 -86637169.0 32485599.0
1558 -86641490.0 32437220.0
1559 -86689537.0 32487148.0
1560 -86639851.0 32409297.0
1561 -86690791.0 32440286.0
1562 -86730865.0 32461403.0
1563 -86679182.0 32467943.0
1564 -86652983.0 32441644.0
1565 -86649495.0 32439103.0
1566 -86636312.0 32437168.0
1567 -86472425.0 32468287.0
1568 -86667530.0 32423044.0
1569 -86628626.0 32424862.0
1570 -86681052.0 32357072.0
1571 -86672429.0 32451892.0
1572 -86660542.0 32450136.0
1573 -86634024.0 32447404.0
1574 -86742722.0 32492336.0
1575 -86738178.0 32458058.0
1576 -86714152.0 32477141.0
1577 -86683428.0 32477076.0
1578 -86668101.0 32448218.0
1579 -86669663.0 32447626.0
1580 -86701209.0 32444105.0
1581 -86701000.0 32445589.0
1582 -86688355.0 32439718.0
1583 -86413609.0 32483315.0
1584 -86677737.0 32432359.0
1585 -86672297.0 32429585.0
1586 -86672261.0 32430691.0
1587 -86671047.0 32431297.0
1588 -86671594.0 32431731.0
1589 -86660600.0 32440558.0
1590 -86651581.0 32426889.0
1591 -86637513.0 32485174.0
1592 -86633250.0 32460127.0
1593 -86656048.0 32448594.0
1594 -86652231.0 32440068.0
1595 -86652376.0 32440563.0
1596 -86649937.0 32440567.0
1597 -86500229.0 32521766.0
1598 -86641762.0 32435710.0
1599 -86630616.0 32426125.0
1600 -86640364.0 32424811.0
1601 -86639473.0 32424146.0
1602 -86637974.0 32423908.0
1603 -86642377.0 32423104.0
1604 -86639399.0 32410672.0
1605 -86646826.0 32419887.0
1606 -86647803.0 32422480.0
1607 -86650096.0 32426829.0
1608 -86647678.0 32425733.0
1609 -86729861.0 32449528.0
1610 -86706510.0 32436086.0
1611 -86708297.0 32434683.0
1612 -86722612.0 32419296.0
1613 -86706850.0 32409805.0
1614 -86711089.0 32419960.0
1615 -86671114.0 32412924.0
1616 -86667794.0 32402100.0
1617 -86416452.0 32452940.0
1618 -86413175.0 32453482.0
1619 -86657185.0 32385465.0
1620 -86672384.0 32388775.0
1621 -86676920.0 32382428.0
1622 -86681369.0 32379005.0
1623 -86682704.0 32378850.0
1624 -86643609.0 32440461.0
1625 -86681647.0 32378566.0
1626 -86655385.0 32429624.0
1627 -86655642.0 32429948.0
1628 -86658683.0 32440522.0
1629 -86642235.0 32441505.0
1630 -86645339.0 32426693.0
1631 -86645474.0 32416646.0
1632 -86683699.0 32447656.0
1633 -86669484.0 32441178.0
1634 -86525381.0 32430657.0
1635 -86532366.0 32430604.0
1636 -86539647.0 32430592.0
1637 -86554047.0 32429082.0
1638 -86557643.0 32428815.0
1639 -86563396.0 32432450.0
1640 -86565476.0 32432725.0
1641 -86597468.0 32437372.0
1642 -86613409.0 32437252.0
1643 -86624193.0 32437225.0
1644 -86538029.0 32419043.0
1645 -86538013.0 32423427.0
1646 -86608494.0 32393830.0
1647 -86500496.0 32467002.0
1648 -86600755.0 32482212.0
1649 -86577458.0 32493872.0
1650 -86580754.0 32496286.0
1651 -86508968.0 32481893.0
1652 -86516275.0 32486562.0
1653 -86533465.0 32497108.0
1654 -86534407.0 32497946.0
1655 -86615073.0 32465389.0
1656 -86571828.0 32466866.0
1657 -86577719.0 32456462.0
1658 -86583987.0 32450275.0
1659 -86590036.0 32437397.0
1660 -86598683.0 32435806.0
1661 -86595383.0 32427107.0
1662 -86586493.0 32420808.0
1663 -86611209.0 32415187.0
1664 -86460554.0 32474495.0
1665 -86557101.0 32417235.0
1666 -86557608.0 32419206.0
1667 -86540113.0 32402569.0
1668 -86540113.0 32401928.0
1669 -86463785.0 32475000.0
1670 -86519559.0 32401762.0
1671 -86518570.0 32402417.0
1672 -86492573.0 32478045.0
1673 -86517201.0 32391983.0
1674 -86504438.0 32467311.0
1675 -86501949.0 32466280.0
1676 -86520630.0 32399392.0
1677 -86517125.0 32461198.0
1678 -86517936.0 32462596.0
1679 -86541528.0 32470966.0
1680 -86546178.0 32464917.0
1681 -86549315.0 32454492.0
1682 -86548656.0 32463094.0
1683 -86546910.0 32436815.0
1684 -86572372.0 32499197.0
1685 -86572295.0 32499944.0
1686 -86566387.0 32496021.0
1687 -86529086.0 32498263.0
1688 -86574750.0 32485333.0
1689 -86592510.0 32479236.0
1690 -86580533.0 32478593.0
1691 -86604715.0 32470372.0
1692 -86529742.0 32475340.0
1693 -86575693.0 32463222.0
1694 -86579532.0 32469615.0
1695 -86502964.0 32459433.0
1696 -86569125.0 32460313.0
1697 -86607827.0 32459778.0
1698 -86577935.0 32454629.0
1699 -86554667.0 32458136.0
1700 -86565314.0 32448924.0
1701 -86574692.0 32454161.0
1702 -86653741.0 32445210.0
1703 -86597775.0 32439695.0
1704 -86565314.0 32441501.0
1705 -86525447.0 32434747.0
1706 -86533703.0 32429949.0
1707 -86531219.0 32425389.0
1708 -86533697.0 32429622.0
1709 -86551833.0 32418266.0
1710 -86561207.0 32417419.0
1711 -86546460.0 32404838.0
1712 -86592214.0 32402315.0
1713 -86518715.0 32401457.0
1714 -86546825.0 32583310.0
1715 -86542226.0 32488521.0
1716 -86498305.0 32495618.0
1717 -86498009.0 32496049.0
1718 -86511356.0 32483083.0
1719 -86510386.0 32420923.0
1720 -86538032.0 32416758.0
1721 -86596431.0 32428089.0
1722 -86610953.0 32402659.0
1723 -86548946.0 32494166.0
1724 -86519467.0 32486185.0
1725 -86525537.0 32440289.0
1726 -86525519.0 32439203.0
1727 -86514956.0 32430750.0
1728 -86576526.0 32432657.0
1729 -86512267.0 32411565.0
1730 -86515149.0 32404536.0
1731 -86512571.0 32406767.0
1732 -86462633.0 32479613.0
1733 -86512280.0 32409360.0
1734 -86616360.0 32498279.0
1735 -86601059.0 32498366.0
1736 -86603326.0 32491868.0
1737 -86597936.0 32473211.0
1738 -86589823.0 32471236.0
1739 -86557750.0 32429750.0
1740 -86562926.0 32490239.0
1741 -86557065.0 32488622.0
1742 -86551660.0 32448802.0
1743 -86550377.0 32463803.0
1744 -86544975.0 32472015.0
1745 -86527084.0 32498733.0
1746 -86520499.0 32487520.0
1747 -86518292.0 32499007.0
1748 -86517293.0 32499943.0
1749 -86515536.0 32486137.0
1750 -86515422.0 32486424.0
1751 -86508220.0 32480474.0
1752 -86524339.0 32470844.0
1753 -86511751.0 32471409.0
1754 -86510958.0 32462152.0
1755 -86503197.0 32451302.0
1756 -86499543.0 32464306.0
1757 -86556353.0 32435747.0
1758 -86517103.0 32458687.0
1759 -86514022.0 32459062.0
1760 -86504538.0 32451328.0
1761 -86531229.0 32429511.0
1762 -86531496.0 32427486.0
1763 -86512246.0 32429546.0
1764 -86501327.0 32429877.0
1765 -86593121.0 32433997.0
1766 -86611227.0 32408054.0
1767 -86558456.0 32418396.0
1768 -86593582.0 32389617.0
1769 -86586164.0 32386088.0
1770 -86554522.0 32404754.0
1771 -86551372.0 32404823.0
1772 -86572274.0 32384092.0
1773 -86524953.0 32392834.0
1774 -86511163.0 32414089.0
1775 -86516498.0 32404195.0
1776 -86416788.0 32455708.0
1777 -86515659.0 32398336.0
1778 -86811025.0 32319734.0
1779 -86811018.0 32312922.0
1780 -86798066.0 32365769.0
1781 -86796097.0 32348147.0
1782 -86796261.0 32337882.0
1783 -86792349.0 32332153.0
1784 -86784301.0 32348511.0
1785 -86793600.0 32350487.0
1786 -86790001.0 32332748.0
1787 -86784226.0 32329401.0
1788 -86787621.0 32325151.0
1789 -86796314.0 32355898.0
1790 -86796476.0 32359080.0
1791 -86784950.0 32346766.0
1792 -86796181.0 32343748.0
1793 -86805114.0 32331994.0
1794 -86803572.0 32332985.0
1795 -86793192.0 32348084.0
1796 -86798058.0 32359207.0
1797 -86438085.0 32466201.0
1798 -86685832.0 32366663.0
1799 -86668498.0 32373008.0
1800 -86686156.0 32355962.0
1801 -86686878.0 32366401.0
1802 -86499974.0 32363348.0
1803 -86485094.0 32456684.0
1804 -86474587.0 32454077.0
1805 -86477731.0 32450576.0
1806 -86499974.0 32357173.0
1807 -86474026.0 32461288.0
1808 -86572237.0 32500134.0
1809 -86493472.0 32430693.0
1810 -86492239.0 32431960.0
1811 -86493573.0 32430942.0
1812 -86499450.0 32462249.0
1813 -86504031.0 32468904.0
1814 -86504438.0 32469044.0
1815 -86438002.0 32590204.0
1816 -86435060.0 32560090.0
1817 -86482674.0 32445236.0
1818 -86438280.0 32558032.0
1819 -86438875.0 32558534.0
1820 -86438135.0 32554047.0
1821 -86437452.0 32554049.0
1822 -86476200.0 32451891.0
1823 -86706885.0 32595550.0
1824 -86443810.0 32546538.0
1825 -86435470.0 32565041.0
1826 -86707895.0 32594955.0
1827 -86707781.0 32595005.0
1828 -86572993.0 32680223.0
1829 -86461186.0 32699512.0
1830 -86770151.0 32602396.0
1831 -86428303.0 32541280.0
1832 -86850505.0 32523564.0
1833 -86842984.0 32504308.0
1834 -86753947.0 32503894.0
1835 -86600386.0 32591334.0
1836 -86644145.0 32604238.0
1837 -86542887.0 32566099.0
1838 -86638603.0 32533330.0
1839 -86556417.0 32539854.0
1840 -86417510.0 32430597.0
1841 -86429560.0 32480520.0
1842 -86460892.0 32513407.0
1843 -86450454.0 32569478.0
1844 -86480245.0 32594237.0
1845 -86444215.0 32485360.0
1846 -86458184.0 32485539.0
1847 -86457404.0 32483890.0
1848 -86455698.0 32483972.0
1849 -86462799.0 32475106.0
1850 -86601717.0 32592914.0
1851 -86598581.0 32584845.0
1852 -86463694.0 32447493.0
1853 -86412123.0 32453476.0
1854 -86608192.0 32586307.0
1855 -86770469.0 32487814.0
1856 -86569290.0 32579239.0
1857 -86483187.0 32627462.0
1858 -86482607.0 32629305.0
1859 -86483044.0 32454608.0
1860 -86489629.0 32626927.0
1861 -86535092.0 32423066.0
1862 -86481130.0 32532485.0
1863 -86506686.0 32531365.0
1864 -86489503.0 32630392.0
1865 -86423241.0 32461409.0
1866 -86424439.0 32461604.0
1867 -86425687.0 32467696.0
1868 -86425688.0 32468943.0
1869 -86489047.0 32627141.0
1870 -86479017.0 32625287.0
1871 -86485450.0 32622236.0
1872 -86491911.0 32652837.0
1873 -86468689.0 32608972.0
1874 -86469546.0 32609502.0
1875 -86478508.0 32611629.0
1876 -86538145.0 32598580.0
1877 -86426127.0 32604080.0
1878 -86612828.0 32579602.0
1879 -86642028.0 32568532.0
1880 -86641912.0 32567928.0
1881 -86676032.0 32575883.0
1882 -86650168.0 32527110.0
1883 -86706087.0 32520211.0
1884 -86706287.0 32521830.0
1885 -86460687.0 32447207.0
1886 -86458867.0 32447289.0
1887 -86420291.0 32476280.0
1888 -86411873.0 32481435.0
1889 -86898028.0 32587441.0
1890 -86617758.0 32579361.0
1891 -86475042.0 32493761.0
1892 -86510094.0 32470874.0
1893 -86421089.0 32478732.0
1894 -86481994.0 32455479.0
1895 -86503431.0 32454522.0
1896 -86450616.0 32550052.0
1897 -86555806.0 32430313.0
1898 -86540428.0 32550436.0
1899 -86552570.0 32535656.0
1900 -86470871.0 32496011.0
1901 -86483448.0 32471366.0
1902 -86484960.0 32475167.0
1903 -86485382.0 32475721.0
1904 -86491147.0 32477173.0
1905 -86492109.0 32477213.0
1906 -86490190.0 32465536.0
1907 -86465669.0 32474254.0
1908 -86459786.0 32470577.0
1909 -86469180.0 32432280.0
1910 -86468129.0 32433389.0
1911 -86466190.0 32431549.0
1912 -86468880.0 32431942.0
1913 -86490292.0 32432065.0
1914 -86480481.0 32439497.0
1915 -86457976.0 32441008.0
1916 -86458544.0 32446941.0
1917 -86424779.0 32437381.0
1918 -86418547.0 32418997.0
1919 -86416964.0 32423875.0
1920 -86416417.0 32425451.0
1921 -86416112.0 32429349.0
1922 -86416368.0 32429565.0
1923 -86420792.0 32461667.0
1924 -86467875.0 32429909.0
1925 -86460589.0 32428648.0
1926 -86418500.0 32431612.0
1927 -86428264.0 32469225.0
1928 -86703563.0 32589799.0
1929 -86421350.0 32476971.0
1930 -86422259.0 32452039.0
1931 -86422201.0 32448824.0
1932 -86561395.0 32573213.0
1933 -86559243.0 32572980.0
1934 -86537797.0 32577009.0
1935 -86679002.0 32522580.0
1936 -86678920.0 32519898.0
1937 -86594433.0 32532429.0
1938 -86594636.0 32523910.0
1939 -86572923.0 32502301.0
1940 -86571466.0 32501463.0
1941 -86463374.0 32447536.0
1942 -86417805.0 32482480.0
1943 -86422581.0 32448026.0
1944 -86418239.0 32495207.0
1945 -86448851.0 32535304.0
1946 -86417592.0 32492640.0
1947 -86412727.0 32487106.0
1948 -86487027.0 32481336.0
1949 -86472977.0 32466773.0
1950 -86472295.0 32449568.0
1951 -86472991.0 32450133.0
1952 -86579854.0 32495611.0
1953 -86620326.0 32516044.0
1954 -86628105.0 32529203.0
1955 -86617822.0 32542302.0
1956 -86640240.0 32533853.0
1957 -86612772.0 32540036.0
1958 -86662005.0 32531512.0
1959 -86607998.0 32532874.0
1960 -86607486.0 32536388.0
1961 -86606789.0 32537723.0
1962 -86661846.0 32532975.0
1963 -86666720.0 32526997.0
1964 -86650129.0 32522393.0
1965 -86669364.0 32527110.0
1966 -86475223.0 32543125.0
1967 -86639362.0 32559061.0
1968 -86651789.0 32522446.0
1969 -86648950.0 32521215.0
1970 -86458451.0 32529532.0
1971 -86489597.0 32539117.0
1972 -86491713.0 32535063.0
1973 -86509757.0 32398573.0
1974 -86501659.0 32399420.0
1975 -86505504.0 32467651.0
1976 -86435017.0 32610068.0
1977 -86431677.0 32478783.0
1978 -86426846.0 32469319.0
1979 -86426316.0 32468907.0
1980 -86428242.0 32470802.0
1981 -86679141.0 32358588.0
1982 -86679582.0 32359649.0
1983 -86423695.0 32449966.0
1984 -86422169.0 32448825.0
1985 -86414802.0 32454470.0
1986 -86414514.0 32448994.0
1987 -86420279.0 32480165.0
1988 -86419898.0 32480253.0
1989 -86411773.0 32470409.0
1990 -86472127.0 32506392.0
1991 -86537517.0 32562830.0
1992 -86421895.0 32433628.0
1993 -86422415.0 32433170.0
1994 -86420808.0 32434305.0
1995 -86417142.0 32588045.0
1996 -86417905.0 32588007.0
1997 -86416463.0 32588078.0
1998 -86482615.0 32543343.0
1999 -86487600.0 32535223.0
2000 -86487083.0 32536338.0
2001 -86483497.0 32537753.0
2002 -86482167.0 32538717.0
2003 -86468067.0 32549621.0
2004 -86469352.0 32550499.0
2005 -86473240.0 32692729.0
2006 -86541292.0 32506137.0
2007 -86635817.0 32477479.0
2008 -86527750.0 32455794.0
2009 -86528178.0 32455516.0
2010 -86506279.0 32455991.0
2011 -86485088.0 32454160.0
2012 -86484433.0 32455372.0
2013 -86543112.0 32583502.0
2014 -86644706.0 32557411.0
2015 -86547750.0 32576028.0
2016 -86453777.0 32566048.0
2017 -86505539.0 32521606.0
2018 -86872265.0 32488148.0
2019 -86579120.0 32552528.0
2020 -86509625.0 32533404.0
2021 -86687622.0 32520991.0
2022 -86688930.0 32524251.0
2023 -86421682.0 32459165.0
2024 -86415698.0 32461417.0
2025 -86415698.0 32462645.0
2026 -86414822.0 32462645.0
2027 -86430710.0 32470117.0
2028 -86454712.0 32581902.0
2029 -86416343.0 32495818.0
2030 -86416937.0 32567366.0
2031 -86480097.0 32616008.0
2032 -86479066.0 32617155.0
2033 -86702856.0 32667294.0
2034 -86632476.0 32483693.0
2035 -86631017.0 32484496.0
2036 -86876694.0 32488539.0
2037 -86875585.0 32483849.0
2038 -86505928.0 32462062.0
2039 -86504451.0 32462877.0
2040 -86458672.0 32426855.0
2041 -86458806.0 32427434.0
2042 -86506644.0 32461881.0
2043 -87875387.0 30942840.0
2044 -87859848.0 30945068.0
2045 -87900269.0 30937628.0
2046 -87882957.0 30942445.0
2047 -87791581.0 30912494.0
2048 -87902223.0 30937132.0
2049 -87906709.0 30669624.0
2050 -87907282.0 30669430.0
2051 -87907207.0 30670411.0
2052 -87861682.0 30948469.0
2053 -87851716.0 30980513.0
2054 -87811244.0 31000181.0
2055 -87783357.0 31009294.0
2056 -87874527.0 30997038.0
2057 -87854368.0 31001086.0
2058 -87857492.0 30996758.0
2059 -87870008.0 30993007.0
2060 -87865942.0 31000181.0
2061 -87869954.0 30992251.0
2062 -87789632.0 30990171.0
2063 -87763732.0 30990263.0
2064 -87872107.0 30989637.0
2065 -87864632.0 30988724.0
2066 -87852353.0 30986891.0
2067 -87866971.0 30985995.0
2068 -87819383.0 30984691.0
2069 -87802277.0 30988262.0
2070 -87828186.0 30975420.0
2071 -87866794.0 30979046.0
2072 -87839941.0 30972461.0
2073 -87865300.0 30973819.0
2074 -87848313.0 30970391.0
2075 -87822653.0 30967903.0
2076 -87861959.0 30965052.0
2077 -87862744.0 30966085.0
2078 -87831242.0 30964831.0
2079 -87832235.0 30965699.0
2080 -87760500.0 30964594.0
2081 -87763027.0 30963976.0
2082 -87860410.0 30963073.0
2083 -87851976.0 30959903.0
2084 -87850761.0 30959601.0
2085 -87857515.0 30958590.0
2086 -87858688.0 30960511.0
2087 -87873004.0 30954497.0
2088 -87859642.0 30958452.0
2089 -87811508.0 30956376.0
2090 -87826897.0 30958383.0
2091 -87823608.0 30954885.0
2092 -87820577.0 30954588.0
2093 -87822784.0 30954129.0
2094 -87774600.0 30953208.0
2095 -87774227.0 30954216.0
2096 -87858897.0 30946133.0
2097 -87822437.0 30941434.0
2098 -87829477.0 30946514.0
2099 -87818873.0 30947568.0
2100 -87813291.0 30939096.0
2101 -87795857.0 30911467.0
2102 -87859364.0 30935260.0
2103 -87860055.0 30934481.0
2104 -87769265.0 30928822.0
2105 -87770109.0 30929996.0
2106 -87857928.0 30932992.0
2107 -87795709.0 30925352.0
2108 -87769186.0 30930611.0
2109 -87858031.0 30926047.0
2110 -87771154.0 30925293.0
2111 -87854840.0 30923528.0
2112 -87751138.0 30923337.0
2113 -87793540.0 30923332.0
2114 -87864167.0 30922222.0
2115 -87776580.0 30917640.0
2116 -87776447.0 30917846.0
2117 -87782597.0 30912125.0
2118 -87787705.0 30911636.0
2119 -87782404.0 30910675.0
2120 -87780624.0 30909710.0
2121 -87790192.0 30909416.0
2122 -87852705.0 30907945.0
2123 -87837613.0 30910190.0
2124 -87759919.0 30907093.0
2125 -87776717.0 30896596.0
2126 -87776826.0 30897129.0
2127 -87787243.0 30902861.0
2128 -87788513.0 30905690.0
2129 -87781263.0 30903066.0
2130 -87783549.0 30902700.0
2131 -87782167.0 30902310.0
2132 -87780653.0 30901645.0
2133 -87783050.0 30903715.0
2134 -87872529.0 30901016.0
2135 -87868930.0 30906243.0
2136 -87782620.0 30900889.0
2137 -87771908.0 30900726.0
2138 -87782301.0 30899858.0
2139 -87780893.0 30899559.0
2140 -87773982.0 30899535.0
2141 -87777809.0 30899169.0
2142 -87778394.0 30900353.0
2143 -87785780.0 30899575.0
2144 -87789503.0 30898530.0
2145 -87851957.0 30897930.0
2146 -87774616.0 30898182.0
2147 -87790646.0 30898072.0
2148 -87759764.0 30897948.0
2149 -87759769.0 30899115.0
2150 -87771059.0 30897632.0
2151 -87769810.0 30897562.0
2152 -87776946.0 30897379.0
2153 -87788654.0 30896421.0
2154 -87780522.0 30896144.0
2155 -87768137.0 30895980.0
2156 -87768215.0 30898570.0
2157 -87769917.0 30895935.0
2158 -87783923.0 30895847.0
2159 -87790806.0 30895734.0
2160 -87777837.0 30895410.0
2161 -87785146.0 30895343.0
2162 -87786608.0 30894954.0
2163 -87786958.0 30895801.0
2164 -87780485.0 30896074.0
2165 -87773054.0 30894744.0
2166 -87773984.0 30894401.0
2167 -87767282.0 30895026.0
2168 -87778581.0 30894013.0
2169 -87788433.0 30894364.0
2170 -87779352.0 30893761.0
2171 -87782728.0 30893739.0
2172 -87781824.0 30893990.0
2173 -87768988.0 30893735.0
2174 -87766517.0 30893413.0
2175 -87776961.0 30893370.0
2176 -87793467.0 30895258.0
2177 -87771061.0 30893048.0
2178 -87774861.0 30892934.0
2179 -87782250.0 30892684.0
2180 -87773001.0 30892430.0
2181 -87773161.0 30892315.0
2182 -87783579.0 30892157.0
2183 -87770530.0 30891925.0
2184 -87774437.0 30891880.0
2185 -87781692.0 30891607.0
2186 -87771540.0 30891650.0
2187 -87776775.0 30891056.0
2188 -87763545.0 30891735.0
2189 -87781241.0 30890782.0
2190 -87771089.0 30890733.0
2191 -87777918.0 30890529.0
2192 -87759087.0 30891102.0
2193 -87758347.0 30890601.0
2194 -87779539.0 30890002.0
2195 -87825351.0 30889138.0
2196 -87831001.0 30891453.0
2197 -87770558.0 30889587.0
2198 -87767050.0 30889586.0
2199 -87762426.0 30889424.0
2200 -87760380.0 30890385.0
2201 -87775873.0 30889061.0
2202 -87773029.0 30888877.0
2203 -87780338.0 30888650.0
2204 -87803356.0 30876180.0
2205 -87805086.0 30880138.0
2206 -87806406.0 30895438.0
2207 -87805798.0 30888274.0
2208 -87778610.0 30888077.0
2209 -87792266.0 30888246.0
2210 -87793137.0 30888457.0
2211 -87772472.0 30887708.0
2212 -87779806.0 30887619.0
2213 -87776591.0 30887595.0
2214 -87764659.0 30887476.0
2215 -87781136.0 30887206.0
2216 -87765616.0 30886950.0
2217 -87772047.0 30886814.0
2218 -87791871.0 30886406.0
2219 -87792206.0 30887023.0
2220 -87783767.0 30886153.0
2221 -87782206.0 30886777.0
2222 -87771543.0 30885760.0
2223 -87767563.0 30885991.0
2224 -87769102.0 30886519.0
2225 -87772659.0 30885371.0
2226 -87773130.0 30886358.0
2227 -87769842.0 30885049.0
2228 -87777203.0 30885005.0
2229 -87850398.0 30885359.0
2230 -87775157.0 30884500.0
2231 -87768089.0 30884338.0
2232 -87772234.0 30884179.0
2233 -87779674.0 30884135.0
2234 -87776778.0 30883951.0
2235 -87769338.0 30883949.0
2236 -87770454.0 30883536.0
2237 -87792350.0 30883083.0
2238 -87782386.0 30883150.0
2239 -87792988.0 30882831.0
2240 -87900659.0 30677416.0
2241 -87776274.0 30882805.0
2242 -87776431.0 30883384.0
2243 -87777390.0 30882415.0
2244 -87773936.0 30882117.0
2245 -87781828.0 30882096.0
2246 -87776211.0 30882386.0
2247 -87775557.0 30881637.0
2248 -87759902.0 30884467.0
2249 -87766310.0 30881542.0
2250 -87754831.0 30881583.0
2251 -87771787.0 30881575.0
2252 -87778214.0 30881179.0
2253 -87778480.0 30881019.0
2254 -87779224.0 30880698.0
2255 -87786566.0 30881195.0
2256 -87783882.0 30881331.0
2257 -87780048.0 30880194.0
2258 -87788757.0 30880866.0
2259 -87779171.0 30879873.0
2260 -87773671.0 30879619.0
2261 -87772980.0 30880077.0
2262 -87765301.0 30879296.0
2263 -87765300.0 30880589.0
2264 -87767484.0 30880599.0
2265 -87774781.0 30879003.0
2266 -87770297.0 30878610.0
2267 -87770634.0 30879358.0
2268 -87779065.0 30878337.0
2269 -87779556.0 30879264.0
2270 -87775704.0 30878507.0
2271 -87776275.0 30878084.0
2272 -87767374.0 30877898.0
2273 -87766418.0 30877921.0
2274 -87765275.0 30877920.0
2275 -87776674.0 30877832.0
2276 -87775771.0 30877282.0
2277 -87780102.0 30877077.0
2278 -87887662.0 30671126.0
2279 -87887505.0 30676354.0
2280 -87782601.0 30876413.0
2281 -87775160.0 30876388.0
2282 -87782494.0 30875932.0
2283 -87779146.0 30875659.0
2284 -87888874.0 30676344.0
2285 -87888601.0 30671026.0
2286 -87857042.0 30950839.0
2287 -87855426.0 30949670.0
2288 -87900212.0 30672407.0
2289 -87518243.0 30309259.0
2290 -87517928.0 30309179.0
2291 -87855596.0 30990507.0
2292 -87867630.0 30980668.0
2293 -87755085.0 30977141.0
2294 -87846263.0 30978087.0
2295 -87864200.0 30968001.0
2296 -87801906.0 30967102.0
2297 -87791620.0 30958043.0
2298 -87761674.0 30952267.0
2299 -87761707.0 30954509.0
2300 -87759778.0 30901280.0
2301 -87768131.0 30925281.0
2302 -87851163.0 30903266.0
2303 -87862369.0 30881554.0
2304 -87802944.0 30876597.0
2305 -87787911.0 30875832.0
2306 -87787994.0 30879426.0
2307 -87787311.0 30882250.0
2308 -87772207.0 30881720.0
2309 -87773261.0 30880835.0
2310 -87783058.0 30875983.0
2311 -87751281.0 30889931.0
2312 -87806929.0 30948575.0
2313 -87767506.0 30925279.0
2314 -87801043.0 30921763.0
2315 -87789032.0 30952329.0
2316 -87804239.0 30951507.0
2317 -87867507.0 30985642.0
2318 -87868582.0 30985106.0
2319 -87876162.0 30991229.0
2320 -87872094.0 30989568.0
2321 -87873886.0 30962402.0
2322 -87875641.0 30959262.0
2323 -87874253.0 30957521.0
2324 -87872985.0 30954398.0
2325 -87872187.0 30954998.0
2326 -87872028.0 30954789.0
2327 -87919983.0 30675224.0
2328 -87854793.0 30897099.0
2329 -87839768.0 30887533.0
2330 -87850960.0 30888234.0
2331 -87856640.0 30951904.0
2332 -87858400.0 30952300.0
2333 -87857038.0 30978925.0
2334 -87854609.0 30979976.0
2335 -87857997.0 30988569.0
2336 -87842728.0 30999006.0
2337 -87842075.0 31000575.0
2338 -87838702.0 30971415.0
2339 -87835766.0 30973603.0
2340 -87818891.0 30916555.0
2341 -87840854.0 30915375.0
2342 -87822873.0 30893963.0
2343 -87829931.0 30922336.0
2344 -87834576.0 30967745.0
2345 -87801058.0 30952754.0
2346 -87809298.0 30955818.0
2347 -87801351.0 30956120.0
2348 -87811791.0 30895483.0
2349 -87809391.0 30895462.0
2350 -87806607.0 30897332.0
2351 -87804617.0 30888294.0
2352 -87803157.0 30888319.0
2353 -87804172.0 30883992.0
2354 -87799651.0 30877790.0
2355 -87798469.0 30878096.0
2356 -87789999.0 30877964.0
2357 -87790957.0 30881832.0
2358 -87787622.0 30878640.0
2359 -87785666.0 30879184.0
2360 -87785442.0 30877201.0
2361 -87784276.0 30877823.0
2362 -87783982.0 30877811.0
2363 -87800484.0 30884569.0
2364 -87794426.0 30895379.0
2365 -87793199.0 30895466.0
2366 -87789342.0 30906758.0
2367 -87795260.0 30906804.0
2368 -87796578.0 30927580.0
2369 -87799724.0 30930774.0
2370 -87797952.0 30960329.0
2371 -87784337.0 30960156.0
2372 -87791776.0 30920160.0
2373 -87791504.0 30919540.0
2374 -87785994.0 30912847.0
2375 -87783997.0 30912127.0
2376 -87774838.0 30954259.0
2377 -87768196.0 30943572.0
2378 -87773983.0 30957353.0
2379 -87773415.0 30954370.0
2380 -87757459.0 30957220.0
2381 -87761821.0 30958701.0
2382 -87762490.0 30961364.0
2383 -87759006.0 30960731.0
2384 -87760386.0 30969056.0
2385 -87762787.0 30969080.0
2386 -87761104.0 30971682.0
2387 -87767006.0 30972960.0
2388 -87772514.0 30965296.0
2389 -87757658.0 31000616.0
2390 -87758165.0 31000664.0
2391 -87752691.0 30910042.0
2392 -87760226.0 30922327.0
2393 -87760463.0 30922358.0
2394 -87780023.0 30867286.0
2395 -87780023.0 30866993.0
2396 -87798143.0 30866110.0
2397 -87798744.0 30866076.0
2398 -87784338.0 30905900.0
2399 -87791054.0 30899342.0
2400 -87788200.0 30895391.0
2401 -87784719.0 30897708.0
2402 -87781524.0 30898377.0
2403 -87779184.0 30895483.0
2404 -87785584.0 30884436.0
2405 -87781288.0 30884672.0
2406 -87784412.0 30884825.0
2407 -87783581.0 30883540.0
2408 -87778195.0 30874203.0
2409 -87777445.0 30877787.0
2410 -87777193.0 30876871.0
2411 -87777677.0 30874896.0
2412 -87775071.0 30878800.0
2413 -87769887.0 30877818.0
2414 -87767836.0 30876129.0
2415 -87763813.0 30877834.0
2416 -87759893.0 30877841.0
2417 -87750873.0 30889765.0
2418 -87750875.0 30889541.0
2419 -87750789.0 30889731.0
2420 -87751288.0 30889556.0
2421 -87752642.0 30889608.0
2422 -87763793.0 30880584.0
2423 -87763671.0 30881557.0
2424 -87898361.0 30687425.0
2425 -87897361.0 30688081.0
2426 -87763226.0 30884748.0
2427 -87902294.0 30687524.0
2428 -87902297.0 30688468.0
2429 -87759824.0 30886810.0
2430 -87756235.0 30890796.0
2431 -87756807.0 30890951.0
2432 -87756535.0 30890865.0
2433 -87750981.0 30898180.0
2434 -87750684.0 30898427.0
2435 -87750436.0 30898566.0
2436 -87749962.0 30897029.0
2437 -87750969.0 30895959.0
2438 -87749006.0 30891038.0
2439 -87759059.0 30891950.0
2440 -87763279.0 30887139.0
2441 -87759785.0 30902952.0
2442 -87758482.0 30900767.0
2443 -87894680.0 30680460.0
2444 -87751327.0 30908658.0
2445 -87757575.0 30908157.0
2446 -87770355.0 30886189.0
2447 -87776354.0 30880651.0
2448 -87768559.0 30901894.0
2449 -87768774.0 30900137.0
2450 -87893257.0 30663327.0
2451 -87802253.0 30928354.0
2452 -87812978.0 30896980.0
2453 -87898414.0 30686542.0
2454 -87804779.0 30898004.0
2455 -87802253.0 30895394.0
2456 -87793253.0 30888515.0
2457 -87791392.0 30890733.0
2458 -87804900.0 30865341.0
2459 -87792338.0 30881021.0
2460 -87785564.0 30879216.0
2461 -87785222.0 30876528.0
2462 -87858816.0 30511005.0
2463 -87857869.0 30511041.0
2464 -87769147.0 30874748.0
2465 -87769437.0 30874916.0
2466 -87758817.0 30883355.0
2467 -87758792.0 30882239.0
2468 -87768555.0 30887968.0
2469 -87780257.0 30897200.0
2470 -87774826.0 30898542.0
2471 -87777035.0 30900212.0
2472 -87778738.0 30901049.0
2473 -87763933.0 30897948.0
2474 -87765321.0 30899835.0
2475 -87858796.0 30513327.0
2476 -87879618.0 30938843.0
2477 -87873188.0 30932965.0
2478 -87773658.0 30886180.0
2479 -87818128.0 31174544.0
2480 -87622786.0 31226978.0
2481 -87617257.0 31225495.0
2482 -87812453.0 30445585.0
2483 -87851983.0 30676492.0
2484 -87855569.0 30676491.0
2485 -87526227.0 30309715.0
2486 -87796233.0 30888442.0
2487 -87868641.0 30661015.0
2488 -87886343.0 30509094.0
2489 -87791128.0 30899572.0
2490 -87784292.0 30912689.0
2491 -87780522.0 30913914.0
2492 -87777634.0 30915278.0
2493 -87887637.0 30509088.0
2494 -87853443.0 30667910.0
2495 -87863802.0 30675304.0
2496 -87852800.0 30671131.0
2497 -87901241.0 30508395.0
2498 -87686143.0 30355531.0
2499 -87798945.0 30233263.0
2500 -87888581.0 30509084.0
