1 -86436719.0 32469271.0
2 -86436733.0 32467449.0
3 -86919124.0 32658659.0
4 -86491083.0 32476662.0
5 -86909757.0 32641312.0
6 -86909620.0 32647269.0
7 -86904649.0 32611151.0
8 -86905586.0 32611125.0
9 -86899864.0 32663764.0
10 -86913299.0 32662255.0
11 -86913165.0 32659735.0
12 -86909508.0 32659711.0
13 -86437289.0 32466860.0
14 -86904658.0 32663307.0
15 -86903567.0 32663844.0
16 -86907055.0 32635904.0
17 -86906152.0 32632434.0
18 -86907036.0 32632167.0
19 -86884332.0 32627602.0
20 -86875501.0 32628144.0
21 -86844150.0 32659825.0
22 -86822176.0 32602821.0
23 -86789980.0 32647774.0
24 -86754042.0 32660933.0
25 -86787674.0 32660519.0
26 -86872191.0 32628080.0
27 -86871406.0 32628103.0
28 -86871462.0 32630967.0
29 -86871610.0 32636794.0
30 -86850393.0 32628203.0
31 -86473191.0 32497047.0
32 -86473587.0 32496740.0
33 -86860429.0 32659247.0
34 -86857697.0 32661898.0
35 -86813697.0 32652028.0
36 -86768742.0 32656086.0
37 -86763032.0 32646666.0
38 -86460942.0 32466558.0
39 -86460966.0 32468521.0
40 -86760873.0 32644818.0
41 -86784132.0 32625682.0
42 -86832190.0 32660474.0
43 -86834074.0 32660835.0
44 -86434457.0 32607452.0
45 -86803767.0 32625157.0
46 -86876669.0 32636442.0
47 -86506216.0 32621109.0
48 -86509731.0 32621139.0
49 -86750966.0 32637628.0
50 -86753854.0 32635982.0
51 -86817344.0 32660151.0
52 -86713537.0 32652792.0
53 -86715355.0 32660032.0
54 -86716330.0 32660101.0
55 -86716682.0 32659665.0
56 -86717281.0 32659944.0
57 -86717630.0 32660123.0
58 -86719353.0 32661661.0
59 -86718486.0 32658416.0
60 -86721150.0 32657121.0
61 -86717386.0 32660444.0
62 -86672590.0 32625802.0
63 -86458994.0 32470899.0
64 -86640566.0 32662432.0
65 -86661209.0 32654464.0
66 -86661643.0 32653869.0
67 -86662294.0 32651302.0
68 -86665980.0 32638748.0
69 -86665384.0 32640489.0
70 -86672247.0 32647315.0
71 -86686345.0 32654719.0
72 -86707613.0 32683496.0
73 -86711493.0 32703820.0
74 -86705883.0 32704645.0
75 -86417788.0 32480254.0
76 -86417785.0 32479790.0
77 -86729973.0 32643209.0
78 -86732550.0 32643303.0
79 -86740786.0 32654106.0
80 -86713098.0 32632537.0
81 -86708652.0 32636379.0
82 -86674309.0 32625131.0
83 -86675084.0 32625373.0
84 -86702736.0 32524163.0
85 -86702308.0 32531359.0
86 -86664519.0 32642191.0
87 -86649233.0 32666032.0
88 -86645628.0 32670774.0
89 -86664699.0 32676020.0
90 -86671916.0 32671059.0
91 -86647437.0 32685851.0
92 -86648870.0 32691259.0
93 -86696411.0 32668840.0
94 -86702055.0 32665052.0
95 -86702052.0 32665519.0
96 -86704086.0 32657949.0
97 -86417959.0 32451561.0
98 -86708425.0 32660339.0
99 -86705264.0 32661804.0
100 -86437357.0 32591400.0
101 -86704035.0 32676188.0
102 -86705504.0 32678660.0
103 -86712577.0 32705469.0
104 -86712659.0 32705744.0
105 -86667592.0 32695319.0
106 -86666964.0 32706093.0
107 -86637931.0 32700078.0
108 -86718834.0 32639102.0
109 -86413713.0 32428130.0
110 -86415168.0 32428733.0
111 -86740264.0 32629065.0
112 -86696694.0 32683864.0
113 -86644954.0 32670310.0
114 -86684806.0 32681795.0
115 -86634052.0 32687233.0
116 -86680000.0 32670548.0
117 -86716550.0 32658078.0
118 -86723753.0 32656207.0
119 -86668446.0 32628004.0
120 -86664748.0 32627729.0
121 -86632008.0 32706333.0
122 -86637866.0 32702522.0
123 -86640802.0 32703269.0
124 -86662699.0 32677057.0
125 -86699761.0 32654666.0
126 -86416411.0 32429107.0
127 -86416193.0 32428912.0
128 -86709768.0 32699611.0
129 -86719860.0 32661495.0
130 -86720707.0 32659515.0
131 -86716791.0 32660994.0
132 -86717244.0 32660665.0
133 -86712925.0 32660913.0
134 -86712016.0 32661084.0
135 -86735881.0 32633220.0
136 -86705345.0 32629442.0
137 -86702165.0 32669597.0
138 -86701106.0 32658110.0
139 -86699433.0 32658147.0
140 -86692306.0 32632991.0
141 -86696942.0 32633768.0
142 -86687740.0 32626104.0
143 -86683828.0 32629151.0
144 -86671998.0 32627382.0
145 -86663288.0 32632503.0
146 -86663700.0 32640951.0
147 -86653495.0 32657093.0
148 -86643349.0 32664990.0
149 -86715234.0 32656992.0
150 -86722279.0 32660391.0
151 -86694674.0 32669417.0
152 -86417352.0 32429183.0
153 -86715392.0 32652407.0
154 -86509191.0 32674917.0
155 -86500695.0 32658439.0
156 -86562560.0 32647479.0
157 -86600748.0 32651872.0
158 -86607608.0 32652792.0
159 -86592565.0 32640877.0
160 -86586554.0 32641360.0
161 -86549990.0 32671216.0
162 -86543542.0 32673255.0
163 -86521075.0 32682622.0
164 -86530691.0 32704023.0
165 -86531856.0 32705674.0
166 -86462774.0 32468235.0
167 -86462940.0 32468477.0
168 -86469658.0 32579195.0
169 -86470219.0 32580308.0
170 -86600741.0 32635078.0
171 -86587742.0 32629903.0
172 -86587634.0 32631255.0
173 -86585847.0 32630018.0
174 -86579186.0 32630065.0
175 -86554356.0 32627224.0
176 -86555444.0 32628133.0
177 -86537783.0 32632148.0
178 -86649743.0 32439787.0
179 -86557355.0 32656935.0
180 -86460408.0 32465818.0
181 -86459974.0 32466635.0
182 -86536502.0 32663515.0
183 -86515615.0 32671753.0
184 -86533146.0 32653089.0
185 -86500350.0 32635229.0
186 -86507314.0 32643548.0
187 -86509570.0 32649370.0
188 -86509235.0 32649433.0
189 -86527050.0 32658564.0
190 -86605171.0 32668048.0
191 -86619511.0 32684241.0
192 -86590310.0 32705033.0
193 -86587460.0 32688124.0
194 -86579387.0 32695366.0
195 -86578790.0 32687988.0
196 -86575146.0 32687455.0
197 -86652140.0 32440250.0
198 -86557818.0 32684712.0
199 -86674208.0 32618159.0
200 -86674287.0 32623621.0
201 -86474710.0 32576643.0
202 -86557166.0 32705196.0
203 -86557302.0 32703409.0
204 -86557411.0 32704508.0
205 -86502279.0 32664835.0
206 -86506168.0 32700669.0
207 -86574944.0 32700040.0
208 -86611683.0 32706351.0
209 -86566295.0 32706296.0
210 -86626320.0 32619091.0
211 -86501049.0 32655494.0
212 -86506303.0 32700921.0
213 -86518174.0 32694230.0
214 -86503282.0 32663540.0
215 -86603758.0 32704815.0
216 -86596575.0 32706514.0
217 -86496202.0 32667034.0
218 -86705134.0 32596470.0
219 -86581404.0 32706665.0
220 -86416592.0 32658499.0
221 -86415040.0 32658317.0
222 -86465482.0 32675791.0
223 -86434779.0 32656459.0
224 -86478908.0 32672367.0
225 -86473338.0 32662185.0
226 -86457019.0 32609114.0
227 -86443355.0 32693648.0
228 -86489666.0 32701084.0
229 -86486197.0 32700192.0
230 -86485412.0 32701338.0
231 -86481966.0 32692334.0
232 -86483732.0 32700995.0
233 -86482838.0 32702049.0
234 -86476280.0 32701227.0
235 -86476984.0 32699095.0
236 -86469343.0 32701022.0
237 -86459287.0 32690370.0
238 -86468556.0 32698639.0
239 -86489017.0 32702803.0
240 -86471592.0 32701732.0
241 -86467934.0 32701229.0
242 -86462134.0 32697656.0
243 -86450537.0 32704325.0
244 -86448705.0 32708112.0
245 -86471932.0 32701383.0
246 -86471399.0 32702075.0
247 -86467040.0 32703062.0
248 -86463763.0 32707943.0
249 -86460401.0 32701620.0
250 -86459017.0 32693234.0
251 -86457373.0 32693273.0
252 -86462513.0 32697793.0
253 -86417913.0 32688101.0
254 -86439777.0 32675593.0
255 -86412980.0 32673963.0
256 -86416215.0 32648784.0
257 -86416263.0 32673186.0
258 -86415431.0 32673275.0
259 -86417409.0 32638405.0
260 -86420820.0 32645485.0
261 -86469366.0 32662377.0
262 -86468696.0 32634279.0
263 -86428105.0 32647914.0
264 -86428105.0 32644190.0
265 -86444648.0 32641978.0
266 -86597673.0 32411364.0
267 -86598151.0 32414556.0
268 -86489398.0 32657619.0
269 -86436879.0 32701438.0
270 -86420490.0 32689703.0
271 -86415543.0 32678205.0
272 -86487854.0 32707546.0
273 -86471321.0 32702213.0
274 -86474113.0 32703501.0
275 -86490759.0 32667026.0
276 -86490128.0 32663009.0
277 -86488651.0 32629667.0
278 -86496681.0 32649164.0
279 -86499180.0 32655123.0
280 -86456933.0 32673658.0
281 -86454132.0 32657112.0
282 -86477022.0 32707684.0
283 -86459865.0 32689363.0
284 -86452937.0 32679627.0
285 -86415371.0 32670993.0
286 -86470197.0 32664889.0
287 -86492953.0 32657992.0
288 -86488508.0 32635478.0
289 -86412923.0 32659717.0
290 -86478620.0 32665070.0
291 -86478513.0 32665185.0
292 -86462772.0 32465747.0
293 -86461761.0 32465693.0
294 -86883631.0 32538325.0
295 -86882656.0 32541029.0
296 -86442174.0 32469635.0
297 -86904564.0 32548804.0
298 -86902263.0 32552149.0
299 -86896334.0 32560374.0
300 -86897768.0 32560374.0
301 -86900585.0 32554715.0
302 -86891384.0 32558562.0
303 -86894058.0 32566323.0
304 -86903103.0 32621142.0
305 -86901695.0 32622722.0
306 -86901970.0 32611219.0
307 -86905490.0 32609227.0
308 -86896887.0 32595752.0
309 -86900477.0 32595348.0
310 -86897351.0 32526484.0
311 -86896541.0 32535096.0
312 -86895421.0 32545479.0
313 -86895353.0 32546180.0
314 -86892944.0 32577305.0
315 -86891482.0 32578840.0
316 -86891828.0 32580172.0
317 -86897054.0 32583974.0
318 -86879150.0 32599428.0
319 -86876088.0 32597043.0
320 -86889896.0 32617991.0
321 -86903398.0 32622184.0
322 -86901889.0 32611541.0
323 -86902268.0 32609822.0
324 -86894128.0 32591649.0
325 -86897359.0 32583998.0
326 -86891332.0 32591818.0
327 -86898488.0 32586312.0
328 -86882173.0 32578584.0
329 -86706416.0 32599801.0
330 -86902123.0 32605979.0
331 -86900056.0 32589016.0
332 -86897684.0 32523688.0
333 -86904821.0 32611804.0
334 -86903137.0 32605410.0
335 -86898404.0 32587810.0
336 -86896688.0 32581607.0
337 -86894535.0 32559113.0
338 -86895552.0 32552119.0
339 -86898723.0 32576460.0
340 -86889290.0 32592344.0
341 -86894566.0 32595805.0
342 -86431882.0 32469826.0
343 -86431985.0 32467268.0
344 -86878979.0 32579361.0
345 -86883277.0 32579277.0
346 -86900555.0 32555319.0
347 -86896389.0 32536626.0
348 -86897059.0 32535126.0
349 -86881370.0 32542987.0
350 -86894162.0 32544192.0
351 -86460762.0 32446885.0
352 -86471170.0 32458146.0
353 -86436433.0 32460428.0
354 -86836984.0 32509074.0
355 -86837149.0 32509237.0
356 -86850422.0 32504969.0
357 -86846053.0 32504196.0
358 -86844636.0 32503951.0
359 -86808969.0 32510795.0
360 -86787948.0 32493000.0
361 -86790448.0 32500626.0
362 -86787364.0 32504858.0
363 -86771621.0 32516997.0
364 -86787323.0 32494865.0
365 -86786925.0 32529169.0
366 -86794173.0 32530316.0
367 -86866016.0 32535461.0
368 -86851057.0 32534207.0
369 -86850704.0 32531915.0
370 -86471439.0 32453795.0
371 -86472574.0 32451035.0
372 -86815515.0 32552315.0
373 -86815596.0 32552770.0
374 -86817600.0 32580452.0
375 -86789992.0 32585858.0
376 -86788313.0 32583848.0
377 -86850714.0 32619811.0
378 -86792423.0 32618120.0
379 -86778114.0 32582624.0
380 -86771129.0 32584158.0
381 -86774056.0 32579713.0
382 -86792997.0 32590028.0
383 -86797813.0 32607007.0
384 -86840908.0 32601255.0
385 -86832056.0 32600477.0
386 -86817519.0 32583637.0
387 -86809914.0 32583866.0
388 -86848072.0 32511959.0
389 -86803632.0 32613170.0
390 -86866480.0 32535581.0
391 -86824956.0 32542919.0
392 -86828444.0 32534166.0
393 -86823684.0 32543011.0
394 -86802992.0 32516409.0
395 -86767355.0 32546084.0
396 -86769809.0 32516127.0
397 -86766260.0 32522257.0
398 -86751270.0 32537978.0
399 -86750914.0 32545484.0
400 -86869481.0 32596700.0
