1 2 430.1 73.1
2 1 430.1 66.7
7 8 602.7 90.6
8 7 602.7 84.9
11 10 262.5 39.9
10 11 262.5 43.1
3 10 843.6 127.1
10 3 843.6 123.8
12 11 390.4 61
11 12 390.4 58
14 15 119.1 17.1
15 14 119.1 17.1
5 6 673.5 63.4
6 5 673.5 66.6
6 12 1396.9 129
12 6 1396.9 132.3
17 16 422.9 38.4
16 17 422.9 38.4
17 18 86.5 12.5
18 17 86.5 12.5
23 25 1560.4 224.7
25 23 1560.4 224.7
26 20 373.9 61.1
20 26 373.9 59.2
26 27 88.9 13.3
27 26 88.9 14.7
27 28 291.8 44.1
28 27 291.8 47.4
28 29 651 99.3
29 28 651 96
31 32 52.1 10.9
32 31 52.1 14.1
33 34 398.6 57.3
34 33 398.6 57.3
38 39 195.3 29.8
39 38 195.3 33
42 43 180.3 26
43 42 180.3 26
40 37 298.6 18
37 40 298.6 16.4
46 29 478.8 69
29 46 478.8 69
